s1,s2,s3,s4,s5,s6,s7,s8,x,y,z
360.0,365.0,485.0,268.0,431.0,297.0,330.0,481.0,-15.0,0.0,5.0
454.0,437.0,483.0,422.0,459.0,440.0,441.0,490.0,-10.0,-10.0,15.0
468.0,360.0,334.0,427.0,317.0,468.0,410.0,401.0,10.0,10.0,5.0
480.0,459.0,499.0,418.0,456.0,400.0,389.0,465.0,-10.0,-10.0,15.0
464.0,360.0,373.0,405.0,327.0,431.0,358.0,380.0,5.0,5.0,10.0
471.0,439.0,493.0,361.0,426.0,329.0,331.0,450.0,-10.0,-10.0,5.0
467.0,307.0,271.0,414.0,263.0,464.0,390.0,375.0,10.0,10.0,0.0
468.0,445.0,487.0,387.0,438.0,372.0,375.0,464.0,-10.0,-10.0,10.0
501.0,451.0,459.0,462.0,427.0,473.0,427.0,444.0,10.0,10.0,15.0
481.0,412.0,452.0,373.0,345.0,354.0,261.0,347.0,0.0,-10.0,5.0
441.0,234.0,190.0,409.0,236.0,497.0,422.0,412.0,10.0,15.0,0.0
513.0,454.0,465.0,458.0,388.0,451.0,369.0,373.0,10.0,-10.0,10.0
409.0,328.0,371.0,376.0,352.0,448.0,407.0,448.0,0.0,10.0,5.0
444.0,425.0,490.0,353.0,429.0,332.0,325.0,464.0,-10.0,-10.0,5.0
475.0,383.0,376.0,422.0,315.0,450.0,355.0,347.0,10.0,0.0,5.0
470.0,446.0,489.0,388.0,439.0,372.0,375.0,464.0,-10.0,-10.0,10.0
521.0,412.0,394.0,431.0,228.0,417.0,214.0,164.0,-10.0,-5.0,0.0
419.0,418.0,516.0,250.0,442.0,155.0,232.0,469.0,-15.0,-10.0,0.0
246.0,240.0,426.0,204.0,386.0,337.0,355.0,481.0,-10.0,10.0,0.0
536.0,440.0,396.0,466.0,242.0,457.0,288.0,166.0,10.0,-10.0,0.0
471.0,440.0,494.0,361.0,427.0,328.0,331.0,449.0,-10.0,-10.0,5.0
420.0,296.0,369.0,290.0,260.0,336.0,230.0,327.0,0.0,0.0,0.0
360.0,367.0,487.0,267.0,433.0,296.0,332.0,482.0,-15.0,0.0,5.0
470.0,374.0,385.0,409.0,320.0,433.0,350.0,361.0,10.0,0.0,5.0
463.0,321.0,274.0,414.0,251.0,476.0,396.0,376.0,10.0,10.0,0.0
383.0,275.0,345.0,323.0,313.0,432.0,371.0,421.0,0.0,10.0,0.0
510.0,360.0,267.0,446.0,158.0,476.0,320.0,199.0,15.0,0.0,0.0
444.0,436.0,497.0,397.0,463.0,406.0,412.0,493.0,-15.0,0.0,15.0
475.0,431.0,442.0,450.0,428.0,483.0,453.0,468.0,-10.0,10.0,15.0
327.0,286.0,445.0,185.0,360.0,233.0,234.0,436.0,-10.0,0.0,0.0
484.0,387.0,402.0,391.0,295.0,399.0,280.0,308.0,5.0,-5.0,5.0
382.0,266.0,347.0,323.0,317.0,427.0,367.0,417.0,0.0,10.0,0.0
511.0,430.0,434.0,436.0,297.0,421.0,282.0,249.0,10.0,-10.0,0.0
514.0,430.0,415.0,445.0,304.0,437.0,285.0,247.0,10.0,-10.0,0.0
406.0,327.0,380.0,373.0,358.0,442.0,405.0,451.0,0.0,10.0,5.0
477.0,417.0,469.0,370.0,345.0,338.0,236.0,332.0,0.0,-10.0,0.0
350.0,329.0,452.0,333.0,426.0,418.0,409.0,499.0,-10.0,10.0,5.0
488.0,293.0,164.0,456.0,228.0,522.0,448.0,396.0,15.0,15.0,0.0
479.0,409.0,450.0,370.0,343.0,355.0,261.0,347.0,0.0,-10.0,5.0
528.0,428.0,416.0,438.0,256.0,415.0,231.0,195.0,10.0,-10.0,0.0
466.0,356.0,335.0,425.0,319.0,476.0,406.0,392.0,10.0,10.0,10.0
436.0,375.0,399.0,404.0,380.0,465.0,423.0,451.0,0.0,10.0,10.0
456.0,388.0,466.0,293.0,343.0,232.0,156.0,352.0,-5.0,-10.0,0.0
302.0,276.0,433.0,266.0,406.0,381.0,386.0,503.0,-10.0,10.0,0.0
513.0,429.0,417.0,444.0,305.0,437.0,283.0,247.0,10.0,-10.0,0.0
451.0,421.0,507.0,287.0,415.0,203.0,213.0,429.0,-10.0,-10.0,0.0
497.0,395.0,372.0,438.0,308.0,457.0,364.0,346.0,10.0,0.0,5.0
515.0,438.0,438.0,455.0,352.0,453.0,328.0,321.0,10.0,-10.0,5.0
439.0,329.0,398.0,324.0,303.0,363.0,283.0,364.0,0.0,0.0,0.0
524.0,397.0,320.0,454.0,177.0,468.0,292.0,154.0,15.0,-5.0,0.0
537.0,437.0,385.0,473.0,224.0,465.0,274.0,136.0,-10.0,-5.0,0.0
383.0,275.0,344.0,324.0,312.0,433.0,373.0,419.0,0.0,10.0,0.0
398.0,373.0,445.0,372.0,424.0,437.0,422.0,482.0,-10.0,10.0,10.0
493.0,426.0,471.0,372.0,347.0,332.0,242.0,341.0,0.0,-10.0,0.0
532.0,428.0,407.0,445.0,252.0,430.0,239.0,189.0,10.0,-10.0,0.0
456.0,424.0,498.0,310.0,420.0,253.0,271.0,436.0,-10.0,-10.0,0.0
509.0,368.0,338.0,434.0,249.0,464.0,322.0,286.0,10.0,0.0,0.0
299.0,284.0,431.0,259.0,405.0,379.0,386.0,496.0,-10.0,10.0,0.0
196.0,254.0,463.0,176.0,428.0,326.0,376.0,511.0,-15.0,10.0,0.0
381.0,249.0,335.0,281.0,257.0,367.0,279.0,372.0,0.0,5.0,0.0
385.0,378.0,484.0,320.0,431.0,348.0,365.0,485.0,-10.0,0.0,5.0
482.0,429.0,451.0,434.0,408.0,449.0,402.0,434.0,5.0,0.0,15.0
362.0,369.0,497.0,202.0,426.0,173.0,245.0,472.0,-10.0,-5.0,0.0
467.0,435.0,489.0,355.0,424.0,331.0,333.0,452.0,-10.0,-10.0,5.0
487.0,447.0,472.0,424.0,411.0,407.0,358.0,406.0,0.0,-10.0,10.0
493.0,337.0,304.0,404.0,192.0,440.0,281.0,240.0,10.0,0.0,0.0
526.0,445.0,445.0,461.0,355.0,457.0,329.0,322.0,10.0,-10.0,5.0
469.0,363.0,334.0,431.0,317.0,473.0,416.0,408.0,10.0,10.0,5.0
489.0,410.0,420.0,416.0,334.0,417.0,325.0,339.0,5.0,-5.0,10.0
500.0,394.0,418.0,385.0,256.0,356.0,174.0,215.0,-10.0,-5.0,0.0
446.0,409.0,453.0,407.0,420.0,437.0,420.0,461.0,-5.0,5.0,15.0
493.0,419.0,456.0,373.0,351.0,333.0,239.0,340.0,0.0,-10.0,0.0
490.0,414.0,409.0,445.0,363.0,468.0,388.0,382.0,10.0,0.0,10.0
449.0,370.0,423.0,368.0,350.0,397.0,337.0,396.0,0.0,0.0,5.0
512.0,445.0,431.0,474.0,391.0,489.0,423.0,405.0,15.0,0.0,15.0
425.0,325.0,396.0,325.0,299.0,364.0,287.0,367.0,0.0,0.0,0.0
432.0,326.0,399.0,323.0,302.0,360.0,282.0,366.0,0.0,0.0,0.0
341.0,312.0,459.0,208.0,375.0,244.0,259.0,443.0,-10.0,0.0,0.0
343.0,331.0,458.0,329.0,428.0,408.0,406.0,493.0,-10.0,10.0,5.0
471.0,440.0,494.0,361.0,427.0,329.0,331.0,449.0,-10.0,-10.0,5.0
362.0,369.0,497.0,202.0,426.0,173.0,244.0,472.0,-10.0,-5.0,0.0
413.0,331.0,384.0,367.0,353.0,432.0,386.0,432.0,0.0,10.0,10.0
532.0,397.0,262.0,480.0,167.0,502.0,370.0,197.0,20.0,0.0,0.0
420.0,295.0,368.0,291.0,259.0,336.0,230.0,327.0,0.0,0.0,0.0
397.0,373.0,446.0,371.0,426.0,436.0,422.0,483.0,-10.0,10.0,10.0
287.0,278.0,441.0,266.0,407.0,373.0,379.0,483.0,-10.0,10.0,0.0
472.0,356.0,343.0,408.0,251.0,437.0,314.0,285.0,10.0,0.0,0.0
384.0,269.0,345.0,325.0,313.0,431.0,371.0,413.0,0.0,10.0,0.0
309.0,298.0,435.0,270.0,398.0,364.0,369.0,481.0,-5.0,5.0,5.0
408.0,324.0,375.0,371.0,355.0,438.0,400.0,436.0,0.0,10.0,5.0
239.0,239.0,435.0,205.0,397.0,338.0,363.0,492.0,-10.0,10.0,0.0
500.0,436.0,443.0,443.0,348.0,438.0,332.0,315.0,10.0,-10.0,5.0
509.0,478.0,499.0,458.0,459.0,440.0,419.0,462.0,10.0,-10.0,15.0
451.0,403.0,440.0,415.0,414.0,454.0,421.0,462.0,0.0,10.0,15.0
494.0,303.0,180.0,449.0,182.0,506.0,404.0,330.0,15.0,10.0,0.0
523.0,443.0,447.0,457.0,359.0,453.0,325.0,326.0,10.0,-10.0,5.0
467.0,411.0,454.0,371.0,343.0,340.0,242.0,332.0,0.0,-10.0,0.0
472.0,339.0,364.0,350.0,211.0,364.0,192.0,235.0,5.0,-5.0,0.0
502.0,329.0,214.0,443.0,156.0,490.0,359.0,251.0,15.0,5.0,0.0
392.0,368.0,454.0,317.0,411.0,348.0,353.0,457.0,-10.0,0.0,5.0
479.0,415.0,469.0,371.0,344.0,339.0,235.0,331.0,0.0,-10.0,0.0
383.0,248.0,338.0,278.0,258.0,365.0,275.0,363.0,0.0,5.0,0.0
533.0,452.0,449.0,456.0,289.0,420.0,216.0,173.0,10.0,-15.0,0.0
346.0,212.0,321.0,282.0,286.0,396.0,338.0,421.0,0.0,5.0,0.0
350.0,329.0,453.0,333.0,426.0,418.0,410.0,499.0,-10.0,10.0,5.0
484.0,425.0,457.0,398.0,371.0,386.0,311.0,376.0,0.0,-10.0,10.0
473.0,301.0,280.0,415.0,266.0,472.0,389.0,375.0,10.0,10.0,0.0
479.0,459.0,499.0,418.0,456.0,400.0,389.0,465.0,-10.0,-10.0,15.0
387.0,362.0,451.0,317.0,412.0,352.0,357.0,460.0,-10.0,0.0,5.0
479.0,469.0,508.0,435.0,474.0,433.0,434.0,500.0,-10.0,-10.0,15.0
386.0,371.0,463.0,365.0,442.0,430.0,427.0,503.0,-10.0,10.0,10.0
412.0,379.0,459.0,335.0,403.0,357.0,343.0,449.0,-10.0,0.0,10.0
432.0,380.0,436.0,351.0,371.0,375.0,344.0,418.0,-5.0,0.0,10.0
393.0,369.0,454.0,317.0,410.0,348.0,353.0,456.0,-10.0,0.0,5.0
469.0,363.0,334.0,431.0,316.0,472.0,416.0,407.0,10.0,10.0,5.0
461.0,354.0,371.0,368.0,280.0,401.0,286.0,330.0,-10.0,-10.0,5.0
488.0,292.0,164.0,455.0,228.0,522.0,448.0,395.0,15.0,15.0,0.0
456.0,430.0,484.0,361.0,424.0,325.0,326.0,444.0,-10.0,-10.0,5.0
382.0,274.0,346.0,323.0,314.0,432.0,371.0,421.0,0.0,10.0,0.0
497.0,452.0,479.0,423.0,416.0,401.0,360.0,416.0,0.0,-10.0,10.0
453.0,426.0,497.0,330.0,421.0,282.0,272.0,434.0,-5.0,-5.0,5.0
423.0,298.0,382.0,290.0,268.0,331.0,230.0,336.0,0.0,0.0,0.0
438.0,393.0,489.0,266.0,392.0,186.0,177.0,413.0,-10.0,-10.0,0.0
530.0,428.0,403.0,445.0,253.0,430.0,241.0,185.0,10.0,-10.0,0.0
473.0,428.0,457.0,425.0,414.0,440.0,400.0,441.0,0.0,0.0,15.0
373.0,244.0,336.0,282.0,258.0,368.0,286.0,376.0,0.0,5.0,0.0
494.0,421.0,453.0,414.0,323.0,400.0,257.0,264.0,10.0,-10.0,0.0
420.0,295.0,368.0,291.0,258.0,337.0,230.0,327.0,0.0,0.0,0.0
411.0,324.0,378.0,369.0,356.0,439.0,399.0,433.0,0.0,10.0,5.0
231.0,212.0,416.0,187.0,376.0,338.0,349.0,485.0,-10.0,10.0,0.0
514.0,429.0,416.0,444.0,305.0,437.0,284.0,247.0,10.0,-10.0,0.0
452.0,370.0,417.0,372.0,350.0,401.0,336.0,393.0,0.0,0.0,5.0
522.0,446.0,448.0,453.0,345.0,439.0,329.0,319.0,10.0,-10.0,5.0
485.0,363.0,343.0,414.0,254.0,452.0,317.0,290.0,10.0,0.0,0.0
437.0,393.0,490.0,265.0,393.0,185.0,179.0,414.0,-10.0,-10.0,0.0
469.0,309.0,272.0,414.0,261.0,463.0,389.0,374.0,10.0,10.0,0.0
408.0,290.0,372.0,289.0,263.0,337.0,235.0,342.0,0.0,0.0,0.0
528.0,436.0,393.0,464.0,244.0,459.0,290.0,162.0,10.0,-10.0,0.0
411.0,379.0,460.0,334.0,405.0,356.0,343.0,450.0,-10.0,0.0,10.0
333.0,178.0,291.0,301.0,293.0,441.0,392.0,452.0,0.0,15.0,0.0
522.0,458.0,460.0,467.0,390.0,459.0,367.0,370.0,10.0,-10.0,10.0
483.0,430.0,463.0,396.0,384.0,373.0,310.0,378.0,0.0,-10.0,5.0
514.0,430.0,435.0,436.0,298.0,421.0,281.0,250.0,10.0,-10.0,0.0
468.0,363.0,331.0,431.0,317.0,482.0,420.0,412.0,10.0,10.0,5.0
475.0,377.0,379.0,416.0,314.0,440.0,354.0,355.0,10.0,0.0,5.0
461.0,429.0,484.0,356.0,422.0,327.0,330.0,446.0,-10.0,-10.0,5.0
498.0,386.0,379.0,439.0,316.0,463.0,356.0,349.0,10.0,0.0,5.0
381.0,365.0,472.0,321.0,429.0,355.0,361.0,487.0,-10.0,0.0,5.0
341.0,313.0,459.0,208.0,376.0,244.0,260.0,443.0,-10.0,0.0,0.0
487.0,395.0,374.0,448.0,360.0,481.0,428.0,420.0,10.0,10.0,10.0
454.0,422.0,486.0,319.0,411.0,255.0,270.0,430.0,-10.0,-10.0,0.0
470.0,321.0,279.0,420.0,256.0,491.0,402.0,378.0,10.0,10.0,0.0
498.0,452.0,479.0,424.0,416.0,402.0,359.0,415.0,0.0,-10.0,10.0
499.0,366.0,341.0,427.0,253.0,463.0,322.0,288.0,10.0,0.0,0.0
499.0,452.0,478.0,426.0,414.0,403.0,359.0,413.0,0.0,-10.0,10.0
385.0,370.0,458.0,372.0,434.0,433.0,426.0,487.0,-10.0,10.0,10.0
533.0,437.0,430.0,453.0,298.0,436.0,274.0,255.0,10.0,-10.0,0.0
482.0,440.0,509.0,327.0,420.0,199.0,182.0,417.0,-10.0,-15.0,0.0
392.0,284.0,361.0,329.0,315.0,412.0,354.0,416.0,0.0,10.0,5.0
512.0,477.0,486.0,474.0,441.0,469.0,422.0,431.0,10.0,-10.0,15.0
484.0,416.0,451.0,372.0,351.0,334.0,238.0,338.0,0.0,-10.0,0.0
464.0,441.0,503.0,357.0,434.0,326.0,329.0,458.0,-10.0,-10.0,5.0
402.0,348.0,419.0,339.0,369.0,394.0,367.0,433.0,-5.0,5.0,10.0
492.0,364.0,340.0,445.0,317.0,488.0,416.0,396.0,10.0,10.0,5.0
528.0,436.0,393.0,464.0,243.0,459.0,291.0,162.0,10.0,-10.0,0.0
265.0,177.0,350.0,257.0,349.0,421.0,398.0,484.0,-5.0,15.0,0.0
514.0,463.0,462.0,468.0,405.0,462.0,393.0,396.0,10.0,-10.0,15.0
536.0,438.0,386.0,473.0,224.0,465.0,274.0,136.0,-10.0,-5.0,0.0
444.0,396.0,434.0,419.0,419.0,468.0,441.0,474.0,0.0,15.0,15.0
472.0,322.0,280.0,419.0,255.0,490.0,401.0,378.0,10.0,10.0,0.0
330.0,182.0,294.0,343.0,344.0,481.0,446.0,490.0,0.0,20.0,0.0
447.0,428.0,467.0,430.0,451.0,466.0,453.0,488.0,-10.0,0.0,15.0
251.0,238.0,418.0,207.0,384.0,345.0,364.0,489.0,-10.0,10.0,0.0
494.0,455.0,478.0,437.0,424.0,431.0,385.0,431.0,0.0,-10.0,15.0
500.0,357.0,337.0,417.0,250.0,446.0,314.0,301.0,10.0,0.0,0.0
379.0,364.0,471.0,321.0,430.0,356.0,362.0,488.0,-10.0,0.0,5.0
484.0,414.0,411.0,450.0,393.0,481.0,432.0,433.0,10.0,10.0,15.0
489.0,404.0,455.0,352.0,316.0,303.0,180.0,303.0,0.0,-10.0,0.0
456.0,372.0,420.0,352.0,329.0,361.0,268.0,354.0,0.0,-5.0,5.0
524.0,396.0,319.0,454.0,177.0,468.0,292.0,154.0,15.0,-5.0,0.0
384.0,249.0,338.0,278.0,258.0,364.0,275.0,363.0,0.0,5.0,0.0
393.0,392.0,485.0,321.0,440.0,340.0,360.0,480.0,-15.0,0.0,10.0
406.0,323.0,377.0,374.0,363.0,452.0,417.0,454.0,0.0,15.0,10.0
451.0,436.0,507.0,357.0,442.0,327.0,326.0,470.0,-10.0,-10.0,5.0
173.0,245.0,461.0,213.0,446.0,390.0,427.0,527.0,-15.0,15.0,0.0
409.0,294.0,377.0,283.0,264.0,326.0,232.0,340.0,0.0,0.0,0.0
546.0,467.0,439.0,487.0,281.0,466.0,275.0,145.0,15.0,-15.0,0.0
468.0,363.0,333.0,431.0,318.0,475.0,419.0,410.0,10.0,10.0,5.0
495.0,413.0,415.0,443.0,363.0,457.0,387.0,386.0,10.0,0.0,10.0
545.0,467.0,439.0,487.0,281.0,466.0,275.0,145.0,15.0,-15.0,0.0
516.0,456.0,462.0,462.0,386.0,456.0,372.0,370.0,10.0,-10.0,10.0
459.0,252.0,196.0,400.0,185.0,480.0,373.0,460.0,10.0,10.0,0.0
368.0,303.0,404.0,291.0,346.0,364.0,333.0,427.0,10.0,10.0,5.0
479.0,387.0,380.0,427.0,316.0,453.0,363.0,354.0,10.0,0.0,5.0
481.0,396.0,441.0,351.0,310.0,308.0,179.0,299.0,0.0,-10.0,0.0
393.0,392.0,486.0,321.0,440.0,340.0,361.0,481.0,-15.0,0.0,10.0
245.0,239.0,429.0,210.0,392.0,347.0,367.0,493.0,-10.0,10.0,0.0
468.0,363.0,333.0,431.0,317.0,475.0,418.0,409.0,10.0,10.0,5.0
299.0,285.0,431.0,259.0,405.0,378.0,386.0,496.0,-10.0,10.0,0.0
340.0,306.0,445.0,210.0,366.0,246.0,254.0,440.0,-10.0,0.0,0.0
506.0,451.0,459.0,456.0,386.0,450.0,369.0,365.0,10.0,-10.0,10.0
507.0,426.0,414.0,440.0,298.0,432.0,290.0,240.0,10.0,-10.0,0.0
505.0,419.0,410.0,454.0,364.0,470.0,388.0,385.0,10.0,0.0,10.0
478.0,317.0,282.0,428.0,257.0,497.0,401.0,370.0,10.0,10.0,0.0
504.0,451.0,460.0,454.0,386.0,448.0,367.0,366.0,10.0,-10.0,10.0
394.0,371.0,455.0,317.0,410.0,347.0,352.0,456.0,-10.0,0.0,5.0
326.0,288.0,447.0,184.0,361.0,232.0,235.0,436.0,-10.0,0.0,0.0
491.0,362.0,338.0,444.0,318.0,490.0,417.0,397.0,10.0,10.0,5.0
377.0,269.0,341.0,328.0,309.0,426.0,372.0,439.0,0.0,10.0,0.0
405.0,322.0,377.0,375.0,363.0,452.0,418.0,454.0,0.0,15.0,10.0
481.0,436.0,443.0,458.0,429.0,486.0,457.0,474.0,0.0,10.0,15.0
513.0,431.0,433.0,437.0,296.0,422.0,283.0,249.0,10.0,-10.0,0.0
440.0,375.0,397.0,411.0,380.0,464.0,426.0,446.0,0.0,10.0,10.0
419.0,356.0,403.0,356.0,354.0,409.0,363.0,420.0,0.0,5.0,10.0
486.0,370.0,338.0,438.0,313.0,470.0,405.0,391.0,10.0,10.0,5.0
460.0,313.0,269.0,409.0,260.0,464.0,392.0,376.0,10.0,10.0,0.0
521.0,422.0,402.0,437.0,253.0,424.0,239.0,187.0,10.0,-10.0,0.0
394.0,390.0,484.0,322.0,438.0,341.0,359.0,479.0,-15.0,0.0,10.0
430.0,337.0,390.0,331.0,304.0,370.0,276.0,365.0,0.0,0.0,0.0
504.0,431.0,470.0,380.0,333.0,299.0,152.0,283.0,0.0,-15.0,0.0
498.0,434.0,439.0,455.0,397.0,470.0,409.0,415.0,10.0,0.0,15.0
442.0,417.0,484.0,323.0,413.0,262.0,268.0,439.0,-10.0,-10.0,0.0
508.0,426.0,429.0,434.0,294.0,422.0,279.0,241.0,10.0,-10.0,0.0
511.0,415.0,374.0,462.0,313.0,482.0,387.0,336.0,15.0,0.0,10.0
443.0,265.0,220.0,393.0,209.0,469.0,375.0,355.0,10.0,10.0,0.0
462.0,320.0,273.0,414.0,252.0,476.0,396.0,376.0,10.0,10.0,0.0
536.0,439.0,428.0,457.0,306.0,445.0,274.0,255.0,10.0,-10.0,0.0
443.0,367.0,420.0,368.0,348.0,396.0,336.0,397.0,0.0,0.0,5.0
512.0,445.0,431.0,474.0,391.0,488.0,422.0,406.0,15.0,0.0,15.0
472.0,356.0,343.0,408.0,252.0,437.0,313.0,286.0,10.0,0.0,0.0
454.0,441.0,492.0,426.0,468.0,446.0,447.0,504.0,-10.0,0.0,15.0
430.0,337.0,391.0,332.0,304.0,370.0,277.0,365.0,0.0,0.0,0.0
463.0,412.0,456.0,368.0,345.0,337.0,244.0,333.0,0.0,-10.0,0.0
454.0,314.0,293.0,403.0,272.0,463.0,381.0,367.0,5.0,5.0,5.0
484.0,417.0,452.0,372.0,351.0,334.0,239.0,338.0,0.0,-10.0,0.0
421.0,353.0,401.0,359.0,352.0,410.0,363.0,417.0,0.0,5.0,10.0
468.0,363.0,333.0,431.0,317.0,473.0,417.0,408.0,10.0,10.0,5.0
390.0,385.0,489.0,317.0,433.0,343.0,358.0,480.0,-10.0,0.0,5.0
443.0,437.0,497.0,397.0,464.0,405.0,413.0,494.0,-15.0,0.0,15.0
478.0,386.0,439.0,335.0,294.0,295.0,152.0,283.0,0.0,-10.0,0.0
495.0,413.0,414.0,444.0,363.0,458.0,387.0,386.0,10.0,0.0,10.0
445.0,428.0,470.0,428.0,454.0,464.0,453.0,491.0,-10.0,0.0,15.0
363.0,297.0,424.0,235.0,326.0,281.0,242.0,403.0,-5.0,0.0,0.0
447.0,370.0,410.0,369.0,349.0,401.0,335.0,393.0,0.0,0.0,5.0
402.0,307.0,374.0,323.0,310.0,390.0,329.0,397.0,0.0,5.0,5.0
510.0,473.0,495.0,454.0,438.0,431.0,385.0,431.0,0.0,-15.0,15.0
417.0,399.0,478.0,364.0,442.0,389.0,393.0,489.0,-10.0,0.0,10.0
380.0,375.0,480.0,320.0,431.0,352.0,369.0,486.0,-10.0,0.0,5.0
509.0,428.0,426.0,435.0,292.0,424.0,281.0,240.0,10.0,-10.0,0.0
446.0,429.0,515.0,316.0,431.0,268.0,262.0,463.0,-10.0,-10.0,0.0
373.0,264.0,345.0,328.0,314.0,416.0,370.0,427.0,0.0,10.0,0.0
461.0,350.0,367.0,372.0,279.0,404.0,293.0,330.0,-10.0,-10.0,5.0
458.0,373.0,422.0,353.0,329.0,361.0,269.0,354.0,0.0,-5.0,5.0
353.0,340.0,438.0,325.0,411.0,395.0,394.0,478.0,-10.0,10.0,10.0
381.0,343.0,453.0,280.0,385.0,315.0,302.0,442.0,-10.0,0.0,5.0
453.0,377.0,421.0,377.0,356.0,401.0,338.0,397.0,0.0,0.0,10.0
469.0,403.0,439.0,403.0,386.0,423.0,373.0,416.0,0.0,0.0,10.0
390.0,370.0,452.0,314.0,408.0,343.0,348.0,457.0,-10.0,0.0,5.0
493.0,388.0,377.0,437.0,313.0,467.0,359.0,345.0,10.0,0.0,5.0
403.0,348.0,418.0,339.0,368.0,395.0,368.0,432.0,-5.0,5.0,10.0
488.0,293.0,164.0,457.0,228.0,522.0,448.0,396.0,15.0,15.0,0.0
471.0,321.0,280.0,419.0,256.0,490.0,402.0,378.0,10.0,10.0,0.0
494.0,425.0,471.0,372.0,347.0,332.0,242.0,341.0,0.0,-10.0,0.0
485.0,474.0,510.0,438.0,476.0,433.0,432.0,499.0,-10.0,-10.0,15.0
283.0,192.0,358.0,225.0,318.0,369.0,338.0,451.0,-5.0,10.0,0.0
422.0,333.0,369.0,380.0,347.0,458.0,408.0,425.0,0.0,10.0,5.0
392.0,368.0,453.0,317.0,411.0,349.0,354.0,458.0,-10.0,0.0,5.0
270.0,243.0,430.0,172.0,364.0,278.0,293.0,461.0,-10.0,5.0,0.0
446.0,396.0,459.0,349.0,397.0,353.0,314.0,418.0,-5.0,-5.0,10.0
467.0,362.0,331.0,431.0,319.0,477.0,420.0,411.0,10.0,10.0,5.0
287.0,278.0,441.0,267.0,407.0,374.0,379.0,483.0,-10.0,10.0,0.0
506.0,452.0,459.0,456.0,386.0,451.0,369.0,365.0,10.0,-10.0,10.0
531.0,473.0,501.0,428.0,389.0,323.0,182.0,308.0,0.0,-20.0,0.0
458.0,315.0,287.0,411.0,271.0,472.0,390.0,370.0,5.0,5.0,5.0
387.0,381.0,486.0,319.0,432.0,346.0,363.0,484.0,-10.0,0.0,5.0
432.0,381.0,434.0,352.0,370.0,376.0,345.0,417.0,-5.0,0.0,10.0
491.0,363.0,337.0,440.0,315.0,477.0,408.0,392.0,10.0,10.0,5.0
504.0,419.0,411.0,452.0,364.0,469.0,388.0,386.0,10.0,0.0,10.0
410.0,379.0,462.0,333.0,407.0,355.0,344.0,452.0,-10.0,0.0,10.0
439.0,374.0,398.0,410.0,381.0,463.0,426.0,447.0,0.0,10.0,10.0
431.0,379.0,438.0,350.0,374.0,374.0,343.0,420.0,-5.0,0.0,10.0
384.0,378.0,484.0,320.0,431.0,349.0,365.0,485.0,-10.0,0.0,5.0
424.0,299.0,382.0,289.0,268.0,332.0,230.0,337.0,0.0,0.0,0.0
498.0,477.0,504.0,453.0,464.0,440.0,423.0,469.0,0.0,-10.0,15.0
362.0,344.0,451.0,257.0,400.0,286.0,304.0,463.0,-10.0,0.0,0.0
468.0,437.0,490.0,358.0,425.0,330.0,333.0,451.0,-10.0,-10.0,5.0
533.0,452.0,449.0,456.0,288.0,420.0,216.0,173.0,10.0,-15.0,0.0
419.0,331.0,372.0,378.0,349.0,455.0,406.0,427.0,0.0,10.0,5.0
510.0,359.0,268.0,444.0,158.0,475.0,318.0,200.0,15.0,0.0,0.0
473.0,359.0,341.0,409.0,249.0,439.0,315.0,284.0,10.0,0.0,0.0
492.0,315.0,277.0,434.0,258.0,491.0,398.0,367.0,10.0,10.0,0.0
494.0,361.0,334.0,415.0,244.0,439.0,321.0,298.0,10.0,0.0,0.0
513.0,477.0,486.0,475.0,441.0,470.0,422.0,431.0,10.0,-10.0,15.0
346.0,330.0,455.0,332.0,425.0,411.0,405.0,490.0,-10.0,10.0,5.0
468.0,309.0,272.0,414.0,261.0,464.0,389.0,375.0,10.0,10.0,0.0
462.0,430.0,465.0,411.0,424.0,427.0,404.0,456.0,-5.0,0.0,15.0
454.0,435.0,484.0,383.0,438.0,374.0,373.0,467.0,-10.0,-10.0,10.0
209.0,198.0,408.0,225.0,400.0,402.0,407.0,505.0,-10.0,15.0,0.0
470.0,430.0,474.0,391.0,384.0,372.0,309.0,382.0,0.0,-10.0,5.0
472.0,353.0,334.0,404.0,240.0,433.0,316.0,283.0,10.0,0.0,0.0
537.0,438.0,385.0,474.0,224.0,465.0,274.0,136.0,-10.0,-5.0,0.0
407.0,324.0,378.0,372.0,361.0,448.0,411.0,449.0,0.0,15.0,10.0
482.0,423.0,455.0,397.0,370.0,386.0,311.0,375.0,0.0,-10.0,10.0
468.0,436.0,490.0,357.0,425.0,331.0,333.0,451.0,-10.0,-10.0,5.0
535.0,439.0,429.0,457.0,307.0,445.0,274.0,255.0,10.0,-10.0,0.0
484.0,410.0,410.0,439.0,363.0,457.0,388.0,388.0,10.0,0.0,10.0
413.0,395.0,466.0,362.0,434.0,387.0,391.0,478.0,-10.0,0.0,10.0
430.0,336.0,390.0,331.0,304.0,369.0,276.0,365.0,0.0,0.0,0.0
493.0,426.0,472.0,372.0,347.0,332.0,243.0,341.0,0.0,-10.0,0.0
495.0,456.0,479.0,437.0,424.0,430.0,385.0,431.0,0.0,-10.0,15.0
464.0,436.0,494.0,368.0,428.0,334.0,317.0,440.0,-10.0,-10.0,10.0
347.0,331.0,456.0,330.0,431.0,414.0,412.0,502.0,-10.0,10.0,5.0
512.0,445.0,431.0,474.0,391.0,489.0,422.0,406.0,15.0,0.0,15.0
480.0,436.0,444.0,457.0,429.0,486.0,457.0,474.0,0.0,10.0,15.0
466.0,277.0,233.0,390.0,163.0,453.0,314.0,279.0,10.0,5.0,0.0
479.0,423.0,474.0,366.0,347.0,333.0,245.0,338.0,0.0,-10.0,0.0
477.0,329.0,300.0,394.0,190.0,431.0,287.0,245.0,10.0,0.0,0.0
446.0,430.0,516.0,317.0,432.0,267.0,260.0,462.0,-10.0,-10.0,0.0
485.0,414.0,408.0,452.0,392.0,486.0,437.0,435.0,10.0,10.0,15.0
394.0,370.0,454.0,317.0,410.0,347.0,352.0,456.0,-10.0,0.0,5.0
286.0,280.0,441.0,265.0,408.0,372.0,382.0,485.0,-10.0,0.0,0.0
456.0,389.0,466.0,294.0,342.0,232.0,156.0,352.0,-5.0,-10.0,0.0
405.0,345.0,426.0,302.0,349.0,338.0,303.0,407.0,-5.0,0.0,5.0
531.0,472.0,501.0,428.0,389.0,323.0,181.0,307.0,0.0,-20.0,0.0
488.0,292.0,164.0,457.0,228.0,522.0,448.0,394.0,15.0,15.0,0.0
471.0,321.0,279.0,420.0,256.0,490.0,402.0,378.0,10.0,10.0,0.0
509.0,478.0,499.0,459.0,459.0,440.0,419.0,461.0,10.0,-10.0,15.0
459.0,252.0,195.0,400.0,185.0,480.0,373.0,346.0,10.0,10.0,0.0
499.0,384.0,379.0,435.0,315.0,458.0,355.0,351.0,10.0,0.0,5.0
236.0,285.0,472.0,155.0,421.0,256.0,328.0,497.0,-15.0,5.0,0.0
358.0,344.0,472.0,257.0,405.0,294.0,313.0,462.0,-10.0,0.0,0.0
461.0,430.0,465.0,411.0,424.0,427.0,403.0,456.0,-5.0,0.0,15.0
474.0,382.0,377.0,420.0,317.0,449.0,354.0,349.0,10.0,0.0,5.0
431.0,380.0,437.0,351.0,373.0,375.0,343.0,420.0,-5.0,0.0,10.0
357.0,341.0,436.0,326.0,407.0,394.0,390.0,475.0,-10.0,10.0,10.0
482.0,447.0,482.0,418.0,412.0,400.0,358.0,411.0,0.0,-10.0,10.0
386.0,369.0,457.0,372.0,434.0,433.0,426.0,487.0,-10.0,10.0,10.0
262.0,177.0,352.0,255.0,349.0,420.0,398.0,485.0,-5.0,15.0,0.0
471.0,363.0,339.0,426.0,315.0,463.0,403.0,395.0,10.0,10.0,5.0
528.0,471.0,499.0,426.0,387.0,321.0,179.0,305.0,0.0,-20.0,0.0
509.0,460.0,461.0,463.0,404.0,459.0,392.0,399.0,10.0,-10.0,15.0
536.0,438.0,385.0,473.0,224.0,465.0,274.0,136.0,-10.0,-5.0,0.0
386.0,372.0,475.0,321.0,429.0,352.0,358.0,483.0,-10.0,0.0,5.0
485.0,390.0,388.0,426.0,322.0,448.0,356.0,353.0,10.0,0.0,10.0
487.0,371.0,339.0,438.0,312.0,469.0,404.0,390.0,10.0,10.0,5.0
481.0,390.0,378.0,429.0,314.0,455.0,366.0,352.0,10.0,0.0,5.0
504.0,451.0,460.0,454.0,386.0,449.0,367.0,366.0,10.0,-10.0,10.0
437.0,375.0,398.0,405.0,378.0,466.0,424.0,450.0,0.0,10.0,10.0
452.0,430.0,480.0,403.0,443.0,415.0,404.0,473.0,-10.0,0.0,15.0
297.0,275.0,442.0,269.0,403.0,375.0,380.0,491.0,-10.0,10.0,0.0
481.0,441.0,510.0,325.0,421.0,198.0,184.0,418.0,-10.0,-15.0,0.0
456.0,437.0,485.0,385.0,439.0,374.0,373.0,466.0,-10.0,-10.0,10.0
461.0,430.0,465.0,411.0,424.0,427.0,404.0,456.0,-5.0,0.0,15.0
496.0,434.0,448.0,438.0,353.0,432.0,326.0,320.0,10.0,-10.0,5.0
438.0,328.0,396.0,323.0,303.0,362.0,283.0,364.0,0.0,0.0,0.0
491.0,363.0,336.0,440.0,315.0,477.0,408.0,392.0,10.0,10.0,5.0
173.0,244.0,460.0,213.0,446.0,391.0,427.0,525.0,-15.0,15.0,0.0
482.0,399.0,369.0,448.0,358.0,483.0,430.0,422.0,10.0,10.0,10.0
459.0,436.0,499.0,350.0,430.0,327.0,330.0,459.0,-10.0,-10.0,5.0
483.0,440.0,508.0,328.0,419.0,200.0,181.0,415.0,-10.0,-15.0,0.0
541.0,457.0,416.0,490.0,305.0,492.0,335.0,228.0,10.0,-10.0,0.0
490.0,361.0,336.0,444.0,318.0,491.0,419.0,399.0,10.0,10.0,5.0
507.0,426.0,415.0,440.0,298.0,432.0,290.0,240.0,10.0,-10.0,0.0
500.0,404.0,381.0,456.0,361.0,486.0,422.0,414.0,10.0,10.0,10.0
466.0,325.0,279.0,413.0,250.0,471.0,392.0,373.0,10.0,10.0,0.0
472.0,424.0,462.0,395.0,378.0,376.0,307.0,375.0,0.0,-10.0,5.0
534.0,454.0,446.0,466.0,348.0,453.0,332.0,318.0,10.0,-10.0,5.0
493.0,436.0,494.0,348.0,379.0,242.0,160.0,355.0,-5.0,-15.0,0.0
495.0,390.0,376.0,439.0,313.0,468.0,361.0,344.0,10.0,0.0,5.0
446.0,428.0,467.0,430.0,452.0,466.0,453.0,488.0,-10.0,0.0,15.0
504.0,364.0,341.0,432.0,252.0,461.0,318.0,289.0,10.0,0.0,0.0
489.0,360.0,336.0,444.0,319.0,492.0,420.0,401.0,10.0,10.0,5.0
418.0,418.0,516.0,250.0,441.0,155.0,233.0,469.0,-15.0,-10.0,0.0
495.0,434.0,448.0,437.0,353.0,431.0,325.0,321.0,10.0,-10.0,5.0
458.0,272.0,223.0,405.0,209.0,482.0,381.0,360.0,10.0,10.0,0.0
484.0,362.0,356.0,413.0,273.0,440.0,321.0,313.0,10.0,0.0,5.0
484.0,426.0,458.0,399.0,372.0,385.0,311.0,376.0,0.0,-10.0,10.0
488.0,439.0,482.0,394.0,390.0,367.0,313.0,385.0,0.0,-10.0,5.0
420.0,330.0,392.0,327.0,300.0,364.0,276.0,368.0,0.0,0.0,0.0
499.0,402.0,379.0,456.0,361.0,488.0,425.0,417.0,10.0,10.0,10.0
346.0,333.0,439.0,323.0,413.0,406.0,402.0,476.0,-10.0,10.0,5.0
487.0,412.0,410.0,442.0,364.0,465.0,386.0,383.0,10.0,0.0,10.0
444.0,436.0,496.0,397.0,463.0,406.0,412.0,493.0,-15.0,0.0,15.0
285.0,365.0,511.0,171.0,463.0,203.0,333.0,515.0,-20.0,0.0,0.0
447.0,409.0,452.0,407.0,419.0,438.0,420.0,460.0,-5.0,5.0,15.0
492.0,420.0,455.0,409.0,325.0,394.0,254.0,270.0,10.0,-10.0,0.0
470.0,365.0,334.0,431.0,316.0,480.0,417.0,409.0,10.0,10.0,5.0
262.0,177.0,352.0,257.0,349.0,420.0,398.0,485.0,-5.0,15.0,0.0
534.0,437.0,430.0,453.0,298.0,436.0,274.0,255.0,10.0,-10.0,0.0
479.0,356.0,336.0,406.0,244.0,432.0,321.0,297.0,10.0,0.0,0.0
359.0,343.0,472.0,256.0,405.0,294.0,313.0,462.0,-10.0,0.0,0.0
511.0,462.0,462.0,466.0,405.0,461.0,393.0,398.0,10.0,-10.0,15.0
485.0,362.0,343.0,414.0,254.0,452.0,317.0,290.0,10.0,0.0,0.0
535.0,453.0,447.0,457.0,287.0,420.0,218.0,171.0,10.0,-15.0,0.0
479.0,430.0,466.0,394.0,386.0,369.0,312.0,381.0,0.0,-10.0,5.0
467.0,411.0,454.0,372.0,343.0,341.0,241.0,332.0,0.0,-10.0,0.0
511.0,361.0,265.0,446.0,158.0,477.0,320.0,199.0,15.0,0.0,0.0
466.0,435.0,481.0,404.0,443.0,411.0,391.0,461.0,-5.0,-5.0,15.0
444.0,378.0,391.0,417.0,372.0,466.0,426.0,448.0,0.0,10.0,10.0
461.0,255.0,203.0,402.0,188.0,485.0,374.0,346.0,10.0,10.0,0.0
500.0,477.0,501.0,457.0,458.0,444.0,421.0,460.0,0.0,-10.0,15.0
485.0,447.0,474.0,421.0,414.0,402.0,359.0,409.0,0.0,-10.0,10.0
332.0,312.0,463.0,206.0,381.0,247.0,262.0,454.0,-10.0,0.0,0.0
474.0,360.0,340.0,410.0,248.0,440.0,316.0,284.0,10.0,0.0,0.0
502.0,329.0,214.0,443.0,156.0,490.0,359.0,253.0,15.0,5.0,0.0
232.0,211.0,415.0,188.0,374.0,339.0,347.0,484.0,-10.0,10.0,0.0
378.0,269.0,349.0,341.0,333.0,445.0,403.0,450.0,0.0,15.0,5.0
462.0,432.0,486.0,359.0,424.0,326.0,329.0,445.0,-10.0,-10.0,5.0
504.0,451.0,460.0,453.0,386.0,448.0,366.0,366.0,10.0,-10.0,10.0
372.0,244.0,336.0,281.0,259.0,368.0,285.0,376.0,0.0,5.0,0.0
475.0,361.0,339.0,410.0,247.0,441.0,318.0,283.0,10.0,0.0,0.0
484.0,426.0,457.0,399.0,372.0,385.0,311.0,376.0,0.0,-10.0,10.0
478.0,317.0,282.0,428.0,257.0,496.0,401.0,370.0,10.0,10.0,0.0
450.0,288.0,318.0,334.0,193.0,381.0,226.0,268.0,5.0,0.0,0.0
477.0,385.0,383.0,424.0,319.0,450.0,360.0,356.0,10.0,0.0,5.0
456.0,314.0,290.0,407.0,272.0,468.0,386.0,368.0,5.0,5.0,5.0
455.0,354.0,418.0,313.0,283.0,305.0,195.0,314.0,0.0,-5.0,0.0
362.0,339.0,455.0,255.0,397.0,293.0,311.0,450.0,-10.0,0.0,0.0
498.0,434.0,439.0,455.0,397.0,470.0,408.0,416.0,10.0,0.0,15.0
492.0,451.0,461.0,441.0,407.0,442.0,390.0,413.0,5.0,-5.0,15.0
471.0,354.0,344.0,407.0,253.0,436.0,312.0,286.0,10.0,0.0,0.0
333.0,177.0,290.0,303.0,295.0,443.0,393.0,453.0,0.0,15.0,0.0
462.0,358.0,372.0,403.0,326.0,432.0,360.0,381.0,5.0,5.0,10.0
453.0,421.0,486.0,318.0,410.0,256.0,270.0,431.0,-10.0,-10.0,0.0
378.0,271.0,341.0,329.0,307.0,427.0,374.0,438.0,0.0,10.0,0.0
489.0,336.0,304.0,399.0,191.0,429.0,278.0,244.0,10.0,0.0,0.0
492.0,316.0,277.0,434.0,258.0,491.0,398.0,367.0,10.0,10.0,0.0
496.0,393.0,373.0,437.0,308.0,454.0,362.0,346.0,10.0,0.0,5.0
487.0,365.0,342.0,415.0,253.0,453.0,318.0,289.0,10.0,0.0,0.0
405.0,345.0,428.0,302.0,350.0,338.0,303.0,408.0,-5.0,0.0,5.0
346.0,331.0,457.0,328.0,432.0,412.0,413.0,503.0,-10.0,10.0,5.0
411.0,324.0,377.0,369.0,356.0,439.0,399.0,433.0,0.0,10.0,5.0
497.0,419.0,462.0,371.0,348.0,330.0,242.0,344.0,0.0,-10.0,0.0
437.0,376.0,397.0,406.0,378.0,466.0,424.0,449.0,0.0,10.0,10.0
493.0,303.0,181.0,448.0,182.0,506.0,403.0,327.0,15.0,10.0,0.0
477.0,385.0,382.0,425.0,319.0,451.0,361.0,356.0,10.0,0.0,5.0
232.0,211.0,416.0,188.0,375.0,339.0,347.0,484.0,-10.0,10.0,0.0
446.0,428.0,469.0,429.0,453.0,465.0,453.0,489.0,-10.0,0.0,15.0
445.0,302.0,328.0,345.0,212.0,389.0,255.0,283.0,5.0,0.0,0.0
506.0,426.0,414.0,440.0,298.0,432.0,290.0,240.0,10.0,-10.0,0.0
452.0,440.0,510.0,351.0,444.0,328.0,336.0,474.0,-10.0,-10.0,5.0
451.0,267.0,219.0,399.0,208.0,478.0,380.0,359.0,10.0,10.0,0.0
346.0,331.0,449.0,331.0,422.0,408.0,404.0,485.0,-10.0,10.0,5.0
446.0,430.0,516.0,316.0,432.0,267.0,261.0,463.0,-10.0,-10.0,0.0
387.0,369.0,454.0,374.0,431.0,435.0,425.0,485.0,-10.0,10.0,10.0
522.0,423.0,402.0,438.0,253.0,424.0,239.0,187.0,10.0,-10.0,0.0
401.0,308.0,374.0,322.0,310.0,389.0,329.0,397.0,0.0,5.0,5.0
452.0,371.0,417.0,371.0,350.0,402.0,336.0,393.0,0.0,0.0,5.0
508.0,427.0,427.0,435.0,292.0,423.0,280.0,241.0,10.0,-10.0,0.0
522.0,422.0,402.0,437.0,253.0,424.0,239.0,188.0,10.0,-10.0,0.0
461.0,353.0,370.0,368.0,280.0,401.0,287.0,330.0,-10.0,-10.0,5.0
412.0,325.0,376.0,370.0,355.0,440.0,399.0,433.0,0.0,10.0,5.0
389.0,365.0,452.0,317.0,411.0,350.0,355.0,459.0,-10.0,0.0,5.0
173.0,244.0,460.0,213.0,446.0,391.0,426.0,527.0,-15.0,15.0,0.0
469.0,360.0,335.0,426.0,317.0,467.0,409.0,400.0,10.0,10.0,5.0
414.0,331.0,385.0,367.0,353.0,431.0,385.0,432.0,0.0,10.0,10.0
467.0,444.0,486.0,386.0,438.0,373.0,376.0,464.0,-10.0,-10.0,10.0
508.0,452.0,459.0,458.0,385.0,452.0,371.0,364.0,10.0,-10.0,10.0
439.0,392.0,488.0,268.0,391.0,187.0,176.0,412.0,-10.0,-10.0,0.0
419.0,402.0,469.0,363.0,434.0,385.0,388.0,476.0,-10.0,0.0,10.0
483.0,398.0,369.0,448.0,358.0,483.0,430.0,422.0,10.0,10.0,10.0
436.0,403.0,489.0,284.0,399.0,207.0,207.0,421.0,-10.0,-10.0,0.0
348.0,332.0,432.0,323.0,411.0,411.0,403.0,477.0,-10.0,10.0,5.0
483.0,365.0,334.0,437.0,316.0,473.0,412.0,398.0,10.0,10.0,5.0
501.0,417.0,414.0,449.0,368.0,466.0,386.0,389.0,10.0,0.0,10.0
469.0,364.0,331.0,431.0,317.0,482.0,419.0,411.0,10.0,10.0,5.0
512.0,446.0,430.0,475.0,391.0,489.0,423.0,405.0,15.0,0.0,15.0
359.0,346.0,481.0,259.0,406.0,295.0,307.0,470.0,-10.0,0.0,0.0
499.0,439.0,472.0,404.0,381.0,376.0,308.0,376.0,0.0,-10.0,5.0
491.0,438.0,479.0,398.0,386.0,371.0,311.0,382.0,0.0,-10.0,5.0
508.0,472.0,493.0,453.0,437.0,431.0,385.0,431.0,0.0,-15.0,15.0
473.0,301.0,279.0,416.0,266.0,473.0,389.0,376.0,10.0,10.0,0.0
469.0,374.0,386.0,409.0,320.0,433.0,349.0,362.0,10.0,0.0,5.0
476.0,378.0,378.0,419.0,312.0,443.0,356.0,353.0,10.0,0.0,5.0
420.0,353.0,401.0,359.0,352.0,410.0,363.0,418.0,0.0,5.0,10.0
473.0,359.0,341.0,409.0,249.0,438.0,315.0,284.0,10.0,0.0,0.0
416.0,404.0,480.0,362.0,438.0,385.0,391.0,477.0,-10.0,0.0,10.0
451.0,376.0,421.0,376.0,356.0,401.0,338.0,397.0,0.0,0.0,10.0
419.0,402.0,469.0,363.0,434.0,384.0,387.0,476.0,-10.0,0.0,10.0
472.0,375.0,383.0,413.0,317.0,437.0,351.0,358.0,10.0,0.0,5.0
379.0,273.0,345.0,325.0,314.0,431.0,373.0,435.0,0.0,10.0,0.0
492.0,365.0,341.0,444.0,316.0,488.0,414.0,395.0,10.0,10.0,5.0
511.0,454.0,454.0,463.0,388.0,460.0,374.0,364.0,10.0,-10.0,10.0
442.0,264.0,220.0,392.0,208.0,467.0,373.0,355.0,10.0,10.0,0.0
410.0,329.0,371.0,376.0,351.0,449.0,407.0,447.0,0.0,10.0,5.0
435.0,336.0,393.0,328.0,306.0,369.0,279.0,363.0,0.0,0.0,0.0
467.0,272.0,229.0,408.0,211.0,485.0,378.0,349.0,10.0,10.0,0.0
486.0,475.0,511.0,439.0,476.0,432.0,432.0,499.0,-10.0,-10.0,15.0
249.0,238.0,418.0,207.0,384.0,346.0,364.0,489.0,-10.0,10.0,0.0
348.0,330.0,447.0,332.0,421.0,410.0,403.0,483.0,-10.0,10.0,5.0
498.0,386.0,380.0,438.0,316.0,463.0,356.0,349.0,10.0,0.0,5.0
408.0,294.0,378.0,283.0,264.0,327.0,232.0,340.0,0.0,0.0,0.0
450.0,371.0,423.0,369.0,349.0,397.0,337.0,395.0,0.0,0.0,5.0
512.0,454.0,453.0,464.0,387.0,461.0,375.0,363.0,10.0,-10.0,10.0
500.0,356.0,337.0,417.0,250.0,446.0,313.0,301.0,10.0,0.0,0.0
489.0,411.0,421.0,416.0,334.0,417.0,325.0,339.0,5.0,-5.0,10.0
455.0,442.0,493.0,426.0,469.0,445.0,446.0,504.0,-10.0,0.0,15.0
506.0,449.0,480.0,409.0,379.0,357.0,261.0,348.0,0.0,-10.0,5.0
454.0,422.0,487.0,319.0,412.0,254.0,269.0,429.0,-10.0,-10.0,0.0
514.0,455.0,464.0,460.0,387.0,454.0,370.0,372.0,10.0,-10.0,10.0
499.0,416.0,415.0,448.0,369.0,464.0,384.0,391.0,10.0,0.0,10.0
417.0,405.0,467.0,394.0,446.0,434.0,430.0,491.0,-10.0,10.0,15.0
478.0,424.0,475.0,365.0,349.0,332.0,246.0,339.0,0.0,-10.0,0.0
196.0,255.0,463.0,175.0,429.0,325.0,376.0,512.0,-15.0,10.0,0.0
447.0,398.0,460.0,353.0,396.0,353.0,315.0,418.0,-5.0,-5.0,10.0
545.0,465.0,439.0,486.0,281.0,464.0,274.0,146.0,15.0,-15.0,0.0
513.0,431.0,434.0,437.0,297.0,422.0,283.0,249.0,10.0,-10.0,0.0
489.0,362.0,335.0,440.0,315.0,478.0,410.0,394.0,10.0,10.0,5.0
508.0,358.0,269.0,444.0,158.0,474.0,317.0,201.0,15.0,0.0,0.0
463.0,435.0,492.0,368.0,425.0,335.0,317.0,437.0,-10.0,-10.0,10.0
388.0,369.0,466.0,319.0,423.0,348.0,351.0,478.0,-10.0,0.0,5.0
386.0,371.0,463.0,365.0,442.0,429.0,427.0,503.0,-10.0,10.0,10.0
533.0,451.0,449.0,455.0,289.0,419.0,215.0,174.0,10.0,-15.0,0.0
503.0,431.0,470.0,380.0,332.0,299.0,152.0,283.0,0.0,-15.0,0.0
510.0,478.0,498.0,461.0,457.0,443.0,418.0,458.0,10.0,-10.0,15.0
283.0,192.0,359.0,225.0,319.0,369.0,338.0,452.0,-5.0,10.0,0.0
455.0,428.0,482.0,359.0,422.0,325.0,327.0,444.0,-10.0,-10.0,5.0
382.0,274.0,346.0,323.0,313.0,432.0,370.0,421.0,0.0,10.0,0.0
350.0,329.0,444.0,334.0,419.0,412.0,403.0,481.0,-10.0,10.0,5.0
486.0,364.0,356.0,416.0,272.0,443.0,323.0,311.0,10.0,0.0,5.0
369.0,257.0,343.0,325.0,311.0,417.0,368.0,434.0,0.0,10.0,0.0
545.0,466.0,439.0,486.0,281.0,464.0,274.0,146.0,15.0,-15.0,0.0
345.0,334.0,439.0,323.0,414.0,406.0,403.0,477.0,-10.0,10.0,5.0
290.0,283.0,424.0,257.0,394.0,372.0,372.0,470.0,-10.0,10.0,0.0
457.0,314.0,287.0,411.0,271.0,472.0,390.0,370.0,5.0,5.0,5.0
447.0,431.0,518.0,319.0,434.0,264.0,259.0,460.0,-10.0,-10.0,0.0
477.0,417.0,470.0,370.0,345.0,338.0,236.0,332.0,0.0,-10.0,0.0
483.0,424.0,456.0,397.0,370.0,386.0,311.0,375.0,0.0,-10.0,10.0
478.0,432.0,441.0,452.0,426.0,485.0,453.0,466.0,-10.0,10.0,15.0
494.0,360.0,334.0,415.0,244.0,439.0,321.0,298.0,10.0,0.0,0.0
462.0,412.0,458.0,365.0,347.0,336.0,246.0,334.0,0.0,-10.0,0.0
492.0,365.0,342.0,444.0,316.0,487.0,413.0,393.0,10.0,10.0,5.0
482.0,418.0,429.0,443.0,399.0,458.0,410.0,432.0,5.0,5.0,15.0
210.0,197.0,408.0,225.0,399.0,403.0,406.0,506.0,-10.0,15.0,0.0
454.0,422.0,486.0,319.0,411.0,255.0,269.0,430.0,-10.0,-10.0,0.0
363.0,339.0,456.0,255.0,397.0,292.0,310.0,448.0,-10.0,0.0,0.0
467.0,278.0,233.0,390.0,163.0,453.0,314.0,278.0,10.0,5.0,0.0
407.0,349.0,415.0,343.0,362.0,400.0,372.0,427.0,-5.0,5.0,10.0
472.0,353.0,335.0,404.0,241.0,432.0,315.0,283.0,10.0,0.0,0.0
456.0,348.0,410.0,315.0,279.0,311.0,191.0,302.0,0.0,-5.0,0.0
488.0,292.0,164.0,457.0,228.0,522.0,448.0,399.0,15.0,15.0,0.0
418.0,357.0,404.0,356.0,354.0,408.0,363.0,421.0,0.0,5.0,10.0
471.0,430.0,473.0,393.0,384.0,373.0,309.0,381.0,0.0,-10.0,5.0
464.0,431.0,464.0,413.0,422.0,428.0,405.0,455.0,-5.0,0.0,15.0
440.0,233.0,191.0,408.0,236.0,496.0,422.0,413.0,10.0,15.0,0.0
486.0,476.0,511.0,439.0,476.0,433.0,432.0,499.0,-10.0,-10.0,15.0
504.0,432.0,471.0,380.0,333.0,299.0,152.0,283.0,0.0,-15.0,0.0
489.0,404.0,454.0,352.0,315.0,303.0,180.0,303.0,0.0,-10.0,0.0
471.0,352.0,335.0,403.0,241.0,432.0,314.0,284.0,10.0,0.0,0.0
457.0,314.0,288.0,410.0,271.0,470.0,388.0,369.0,5.0,5.0,5.0
503.0,452.0,458.0,464.0,427.0,475.0,427.0,443.0,10.0,10.0,15.0
363.0,340.0,456.0,255.0,396.0,292.0,309.0,448.0,-10.0,0.0,0.0
437.0,343.0,401.0,342.0,318.0,376.0,297.0,371.0,0.0,0.0,5.0
470.0,380.0,379.0,418.0,320.0,446.0,351.0,352.0,10.0,0.0,5.0
487.0,365.0,356.0,416.0,272.0,443.0,324.0,310.0,10.0,0.0,5.0
247.0,243.0,429.0,207.0,389.0,337.0,360.0,485.0,-10.0,10.0,0.0
524.0,459.0,460.0,469.0,390.0,461.0,369.0,369.0,10.0,-10.0,10.0
423.0,402.0,467.0,363.0,431.0,384.0,389.0,471.0,-10.0,0.0,10.0
529.0,429.0,416.0,437.0,256.0,415.0,232.0,195.0,10.0,-10.0,0.0
409.0,329.0,371.0,376.0,352.0,448.0,407.0,448.0,0.0,10.0,5.0
400.0,208.0,242.0,335.0,214.0,441.0,345.0,374.0,5.0,10.0,0.0
448.0,315.0,333.0,378.0,272.0,427.0,331.0,354.0,0.0,-15.0,5.0
423.0,241.0,271.0,328.0,191.0,410.0,284.0,312.0,5.0,5.0,0.0
210.0,198.0,410.0,226.0,397.0,402.0,403.0,505.0,-10.0,15.0,0.0
315.0,226.0,378.0,209.0,301.0,314.0,273.0,413.0,-5.0,5.0,0.0
502.0,389.0,375.0,439.0,312.0,461.0,359.0,348.0,10.0,0.0,5.0
197.0,254.0,462.0,176.0,428.0,326.0,375.0,511.0,-15.0,10.0,0.0
524.0,441.0,460.0,421.0,306.0,364.0,177.0,220.0,5.0,-15.0,0.0
295.0,325.0,485.0,168.0,419.0,206.0,280.0,484.0,-15.0,0.0,0.0
348.0,330.0,456.0,331.0,430.0,414.0,411.0,502.0,-10.0,10.0,5.0
454.0,423.0,484.0,328.0,412.0,258.0,270.0,430.0,-10.0,-10.0,0.0
535.0,402.0,262.0,484.0,170.0,507.0,374.0,197.0,20.0,0.0,0.0
361.0,343.0,450.0,257.0,401.0,286.0,305.0,464.0,-10.0,0.0,0.0
456.0,314.0,289.0,409.0,272.0,469.0,387.0,369.0,5.0,5.0,5.0
447.0,431.0,518.0,319.0,435.0,264.0,258.0,459.0,-10.0,-10.0,0.0
385.0,379.0,484.0,320.0,431.0,348.0,365.0,485.0,-10.0,0.0,5.0
362.0,345.0,451.0,257.0,400.0,286.0,304.0,462.0,-10.0,0.0,0.0
457.0,399.0,436.0,402.0,385.0,424.0,376.0,426.0,0.0,0.0,10.0
245.0,239.0,429.0,210.0,392.0,347.0,368.0,493.0,-10.0,10.0,0.0
407.0,289.0,369.0,288.0,262.0,336.0,234.0,342.0,0.0,0.0,0.0
333.0,178.0,291.0,302.0,294.0,442.0,392.0,453.0,0.0,15.0,0.0
491.0,419.0,457.0,373.0,351.0,333.0,240.0,340.0,0.0,-10.0,0.0
486.0,365.0,339.0,442.0,316.0,491.0,419.0,397.0,10.0,10.0,5.0
493.0,303.0,181.0,448.0,182.0,505.0,402.0,331.0,15.0,10.0,0.0
430.0,378.0,439.0,350.0,375.0,374.0,342.0,421.0,-5.0,0.0,10.0
262.0,177.0,352.0,259.0,349.0,420.0,398.0,484.0,-5.0,15.0,0.0
479.0,430.0,466.0,394.0,386.0,370.0,312.0,381.0,0.0,-10.0,5.0
465.0,325.0,278.0,413.0,250.0,472.0,392.0,373.0,10.0,10.0,0.0
500.0,431.0,433.0,446.0,344.0,442.0,332.0,311.0,10.0,-10.0,5.0
455.0,422.0,498.0,309.0,419.0,251.0,271.0,436.0,-10.0,-10.0,0.0
297.0,275.0,442.0,269.0,403.0,375.0,380.0,490.0,-10.0,10.0,0.0
375.0,259.0,346.0,325.0,318.0,414.0,370.0,424.0,0.0,10.0,0.0
406.0,327.0,378.0,374.0,356.0,443.0,406.0,449.0,0.0,10.0,5.0
472.0,424.0,462.0,394.0,378.0,376.0,307.0,375.0,0.0,-10.0,5.0
500.0,393.0,418.0,385.0,256.0,356.0,174.0,215.0,-10.0,-5.0,0.0
450.0,289.0,318.0,334.0,193.0,381.0,226.0,267.0,5.0,0.0,0.0
522.0,413.0,394.0,431.0,228.0,417.0,214.0,164.0,-10.0,-5.0,0.0
491.0,452.0,462.0,439.0,408.0,440.0,390.0,413.0,5.0,-5.0,15.0
514.0,430.0,416.0,445.0,304.0,437.0,285.0,246.0,10.0,-10.0,0.0
527.0,469.0,498.0,425.0,386.0,319.0,178.0,304.0,0.0,-20.0,0.0
462.0,433.0,487.0,359.0,425.0,326.0,329.0,445.0,-10.0,-10.0,5.0
488.0,419.0,459.0,398.0,331.0,377.0,247.0,287.0,10.0,-10.0,0.0
481.0,441.0,510.0,325.0,421.0,198.0,184.0,417.0,-10.0,-15.0,0.0
461.0,351.0,368.0,371.0,279.0,403.0,291.0,330.0,-10.0,-10.0,5.0
405.0,349.0,416.0,341.0,364.0,398.0,370.0,428.0,-5.0,5.0,10.0
481.0,435.0,480.0,393.0,384.0,370.0,309.0,381.0,0.0,-10.0,5.0
491.0,452.0,473.0,450.0,439.0,461.0,429.0,461.0,0.0,0.0,15.0
494.0,454.0,477.0,436.0,423.0,431.0,386.0,431.0,0.0,-10.0,15.0
347.0,331.0,457.0,329.0,432.0,413.0,412.0,503.0,-10.0,10.0,5.0
470.0,456.0,527.0,315.0,459.0,172.0,234.0,468.0,-15.0,-15.0,0.0
460.0,401.0,441.0,399.0,386.0,420.0,374.0,421.0,0.0,0.0,10.0
481.0,447.0,484.0,417.0,414.0,398.0,358.0,413.0,0.0,-10.0,10.0
483.0,440.0,508.0,327.0,420.0,199.0,182.0,416.0,-10.0,-15.0,0.0
196.0,253.0,460.0,171.0,427.0,322.0,377.0,514.0,-15.0,10.0,0.0
502.0,452.0,480.0,424.0,395.0,386.0,310.0,376.0,0.0,-15.0,10.0
446.0,427.0,492.0,356.0,430.0,330.0,323.0,463.0,-10.0,-10.0,5.0
484.0,420.0,430.0,443.0,400.0,456.0,408.0,432.0,5.0,5.0,15.0
460.0,314.0,269.0,409.0,260.0,464.0,392.0,376.0,10.0,10.0,0.0
451.0,305.0,263.0,409.0,255.0,470.0,397.0,381.0,10.0,10.0,0.0
493.0,419.0,456.0,373.0,351.0,333.0,238.0,340.0,0.0,-10.0,0.0
439.0,414.0,480.0,320.0,409.0,266.0,272.0,443.0,-10.0,-10.0,0.0
513.0,430.0,435.0,436.0,298.0,421.0,280.0,250.0,10.0,-10.0,0.0
474.0,430.0,443.0,449.0,428.0,483.0,452.0,468.0,-10.0,10.0,15.0
419.0,355.0,402.0,358.0,353.0,410.0,363.0,419.0,0.0,5.0,10.0
488.0,365.0,355.0,417.0,272.0,444.0,324.0,310.0,10.0,0.0,5.0
437.0,342.0,402.0,342.0,318.0,377.0,297.0,371.0,0.0,0.0,5.0
419.0,331.0,372.0,378.0,350.0,454.0,406.0,427.0,0.0,10.0,5.0
392.0,283.0,360.0,330.0,316.0,414.0,356.0,418.0,0.0,10.0,5.0
478.0,435.0,444.0,456.0,430.0,484.0,456.0,475.0,0.0,10.0,15.0
475.0,377.0,379.0,417.0,314.0,441.0,355.0,355.0,10.0,0.0,5.0
415.0,327.0,376.0,374.0,354.0,449.0,403.0,431.0,0.0,10.0,5.0
509.0,450.0,435.0,478.0,420.0,499.0,451.0,448.0,0.0,10.0,15.0
417.0,406.0,467.0,393.0,446.0,433.0,430.0,490.0,-10.0,10.0,15.0
358.0,340.0,461.0,261.0,404.0,291.0,303.0,474.0,-10.0,0.0,0.0
488.0,399.0,372.0,452.0,355.0,491.0,428.0,414.0,10.0,10.0,10.0
262.0,175.0,352.0,257.0,349.0,420.0,398.0,485.0,-5.0,15.0,0.0
506.0,443.0,460.0,442.0,359.0,431.0,328.0,321.0,10.0,-10.0,5.0
355.0,341.0,437.0,326.0,408.0,394.0,391.0,476.0,-10.0,10.0,10.0
435.0,374.0,401.0,403.0,381.0,464.0,423.0,451.0,0.0,10.0,10.0
385.0,370.0,458.0,372.0,434.0,432.0,426.0,487.0,-10.0,10.0,10.0
382.0,262.0,345.0,325.0,318.0,417.0,367.0,419.0,0.0,10.0,0.0
501.0,386.0,377.0,437.0,313.0,459.0,357.0,350.0,10.0,0.0,5.0
239.0,239.0,435.0,204.0,396.0,338.0,363.0,492.0,-10.0,10.0,0.0
489.0,360.0,336.0,445.0,319.0,492.0,420.0,400.0,10.0,10.0,5.0
449.0,316.0,332.0,379.0,272.0,426.0,330.0,353.0,0.0,-15.0,5.0
508.0,426.0,430.0,434.0,294.0,422.0,279.0,241.0,10.0,-10.0,0.0
486.0,411.0,411.0,441.0,365.0,463.0,385.0,384.0,10.0,0.0,10.0
456.0,269.0,225.0,394.0,211.0,466.0,369.0,351.0,10.0,10.0,0.0
453.0,440.0,510.0,351.0,444.0,328.0,336.0,474.0,-10.0,-10.0,5.0
472.0,353.0,335.0,403.0,241.0,432.0,315.0,283.0,10.0,0.0,0.0
470.0,456.0,528.0,315.0,460.0,171.0,234.0,469.0,-15.0,-15.0,0.0
447.0,397.0,459.0,351.0,397.0,354.0,314.0,418.0,-5.0,-5.0,10.0
478.0,424.0,476.0,365.0,349.0,332.0,246.0,339.0,0.0,-10.0,0.0
383.0,248.0,338.0,278.0,257.0,364.0,275.0,363.0,0.0,5.0,0.0
502.0,424.0,439.0,428.0,305.0,417.0,272.0,247.0,10.0,-10.0,0.0
350.0,332.0,430.0,324.0,409.0,413.0,403.0,475.0,-10.0,10.0,5.0
486.0,364.0,343.0,415.0,253.0,452.0,318.0,290.0,10.0,0.0,0.0
444.0,396.0,434.0,420.0,419.0,469.0,443.0,475.0,0.0,15.0,15.0
353.0,340.0,438.0,325.0,411.0,395.0,394.0,479.0,-10.0,10.0,10.0
492.0,452.0,462.0,440.0,407.0,440.0,390.0,413.0,5.0,-5.0,15.0
439.0,392.0,488.0,268.0,392.0,187.0,176.0,412.0,-10.0,-10.0,0.0
458.0,310.0,268.0,410.0,263.0,467.0,394.0,377.0,10.0,10.0,0.0
468.0,362.0,330.0,431.0,318.0,482.0,420.0,412.0,10.0,10.0,5.0
493.0,317.0,279.0,434.0,257.0,489.0,397.0,366.0,10.0,10.0,0.0
456.0,430.0,484.0,361.0,424.0,325.0,326.0,443.0,-10.0,-10.0,5.0
461.0,437.0,499.0,352.0,431.0,327.0,330.0,459.0,-10.0,-10.0,5.0
414.0,333.0,386.0,366.0,352.0,428.0,380.0,429.0,0.0,0.0,10.0
513.0,446.0,430.0,475.0,391.0,490.0,423.0,405.0,15.0,0.0,15.0
482.0,409.0,412.0,437.0,364.0,455.0,387.0,390.0,10.0,0.0,10.0
390.0,369.0,452.0,314.0,408.0,343.0,348.0,458.0,-10.0,0.0,5.0
467.0,277.0,233.0,390.0,163.0,454.0,314.0,279.0,10.0,5.0,0.0
369.0,257.0,342.0,325.0,310.0,418.0,368.0,434.0,0.0,10.0,0.0
464.0,360.0,374.0,406.0,327.0,430.0,357.0,380.0,5.0,5.0,10.0
250.0,243.0,420.0,209.0,381.0,347.0,361.0,479.0,-10.0,10.0,0.0
332.0,312.0,463.0,205.0,382.0,246.0,262.0,454.0,-10.0,0.0,0.0
440.0,233.0,191.0,407.0,236.0,496.0,422.0,413.0,10.0,15.0,0.0
482.0,447.0,484.0,417.0,413.0,398.0,358.0,412.0,0.0,-10.0,10.0
496.0,307.0,177.0,449.0,181.0,507.0,404.0,331.0,15.0,10.0,0.0
309.0,299.0,434.0,270.0,397.0,363.0,366.0,479.0,-5.0,5.0,5.0
494.0,454.0,478.0,436.0,424.0,431.0,386.0,431.0,0.0,-10.0,15.0
442.0,416.0,482.0,322.0,411.0,264.0,270.0,441.0,-10.0,-10.0,0.0
412.0,325.0,377.0,370.0,355.0,439.0,399.0,433.0,0.0,10.0,5.0
435.0,374.0,400.0,403.0,380.0,464.0,423.0,451.0,0.0,10.0,10.0
361.0,343.0,450.0,257.0,400.0,287.0,305.0,463.0,-10.0,0.0,0.0
439.0,328.0,397.0,323.0,303.0,363.0,283.0,364.0,0.0,0.0,0.0
481.0,421.0,472.0,368.0,346.0,335.0,243.0,337.0,0.0,-10.0,0.0
464.0,442.0,504.0,359.0,434.0,326.0,328.0,458.0,-10.0,-10.0,5.0
470.0,447.0,490.0,390.0,440.0,371.0,374.0,464.0,-10.0,-10.0,10.0
436.0,341.0,400.0,342.0,316.0,375.0,296.0,370.0,0.0,0.0,5.0
480.0,422.0,474.0,367.0,347.0,334.0,244.0,338.0,0.0,-10.0,0.0
484.0,474.0,510.0,438.0,475.0,433.0,432.0,499.0,-10.0,-10.0,15.0
421.0,353.0,400.0,360.0,351.0,411.0,363.0,416.0,0.0,5.0,10.0
414.0,333.0,386.0,366.0,352.0,428.0,380.0,430.0,0.0,10.0,10.0
461.0,351.0,369.0,370.0,279.0,402.0,289.0,330.0,-10.0,-10.0,5.0
406.0,330.0,437.0,245.0,315.0,240.0,176.0,362.0,-5.0,-5.0,0.0
405.0,326.0,380.0,373.0,359.0,441.0,404.0,452.0,0.0,10.0,5.0
539.0,454.0,418.0,489.0,307.0,491.0,332.0,229.0,10.0,-10.0,0.0
467.0,436.0,489.0,356.0,424.0,331.0,333.0,451.0,-10.0,-10.0,5.0
347.0,330.0,448.0,332.0,421.0,409.0,404.0,484.0,-10.0,10.0,5.0
380.0,273.0,344.0,325.0,313.0,431.0,373.0,435.0,0.0,10.0,0.0
509.0,445.0,457.0,447.0,356.0,436.0,331.0,317.0,10.0,-10.0,5.0
462.0,439.0,502.0,355.0,432.0,326.0,329.0,458.0,-10.0,-10.0,5.0
457.0,399.0,435.0,402.0,385.0,424.0,376.0,426.0,0.0,0.0,10.0
458.0,345.0,376.0,373.0,289.0,409.0,303.0,343.0,5.0,0.0,5.0
375.0,259.0,346.0,325.0,318.0,414.0,369.0,425.0,0.0,10.0,0.0
376.0,297.0,411.0,240.0,313.0,284.0,235.0,383.0,-5.0,0.0,0.0
514.0,429.0,416.0,444.0,304.0,437.0,284.0,246.0,10.0,-10.0,0.0
383.0,275.0,345.0,324.0,312.0,433.0,372.0,420.0,0.0,10.0,0.0
479.0,416.0,469.0,371.0,344.0,339.0,235.0,332.0,0.0,-10.0,0.0
407.0,289.0,370.0,288.0,262.0,336.0,234.0,342.0,0.0,0.0,0.0
477.0,429.0,458.0,426.0,420.0,439.0,393.0,439.0,0.0,-5.0,15.0
209.0,199.0,411.0,226.0,398.0,401.0,404.0,506.0,-10.0,15.0,0.0
443.0,436.0,497.0,397.0,463.0,406.0,413.0,493.0,-15.0,0.0,15.0
507.0,388.0,340.0,448.0,262.0,472.0,354.0,294.0,15.0,0.0,5.0
522.0,413.0,394.0,432.0,228.0,417.0,215.0,164.0,-10.0,-5.0,0.0
343.0,187.0,296.0,277.0,260.0,403.0,333.0,410.0,0.0,10.0,0.0
375.0,342.0,472.0,210.0,374.0,195.0,204.0,426.0,-10.0,-5.0,0.0
409.0,326.0,374.0,374.0,351.0,442.0,404.0,440.0,0.0,10.0,5.0
380.0,262.0,348.0,323.0,320.0,416.0,366.0,420.0,0.0,10.0,0.0
455.0,429.0,483.0,360.0,422.0,325.0,326.0,444.0,-10.0,-10.0,5.0
402.0,307.0,375.0,323.0,310.0,390.0,329.0,397.0,0.0,5.0,5.0
460.0,357.0,372.0,402.0,325.0,434.0,362.0,382.0,5.0,5.0,10.0
362.0,370.0,498.0,202.0,426.0,173.0,245.0,472.0,-10.0,-5.0,0.0
378.0,271.0,340.0,330.0,307.0,428.0,375.0,437.0,0.0,10.0,0.0
490.0,438.0,480.0,397.0,387.0,370.0,312.0,383.0,0.0,-10.0,5.0
450.0,288.0,318.0,334.0,194.0,381.0,225.0,268.0,5.0,0.0,0.0
533.0,437.0,431.0,456.0,308.0,443.0,272.0,257.0,10.0,-10.0,0.0
486.0,364.0,342.0,415.0,253.0,452.0,318.0,289.0,10.0,0.0,0.0
506.0,457.0,483.0,428.0,400.0,387.0,311.0,376.0,0.0,-15.0,10.0
447.0,370.0,410.0,369.0,350.0,401.0,335.0,393.0,0.0,0.0,5.0
489.0,401.0,448.0,352.0,314.0,304.0,175.0,296.0,0.0,-10.0,0.0
509.0,368.0,338.0,434.0,249.0,463.0,321.0,286.0,10.0,0.0,0.0
447.0,315.0,333.0,376.0,273.0,427.0,332.0,355.0,0.0,-15.0,5.0
502.0,330.0,214.0,443.0,156.0,490.0,359.0,253.0,15.0,5.0,0.0
502.0,329.0,213.0,443.0,156.0,490.0,359.0,253.0,15.0,5.0,0.0
546.0,468.0,439.0,488.0,281.0,467.0,276.0,144.0,15.0,-15.0,0.0
362.0,296.0,425.0,234.0,326.0,281.0,241.0,404.0,-5.0,0.0,0.0
453.0,421.0,486.0,318.0,411.0,256.0,270.0,430.0,-10.0,-10.0,0.0
286.0,279.0,441.0,266.0,408.0,372.0,381.0,484.0,-10.0,10.0,0.0
484.0,414.0,409.0,451.0,392.0,485.0,435.0,434.0,10.0,10.0,15.0
533.0,454.0,446.0,466.0,348.0,453.0,332.0,318.0,10.0,-10.0,5.0
380.0,343.0,454.0,279.0,386.0,314.0,303.0,443.0,-10.0,0.0,5.0
445.0,425.0,490.0,353.0,429.0,331.0,325.0,464.0,-10.0,-10.0,5.0
383.0,267.0,346.0,323.0,316.0,428.0,368.0,416.0,0.0,10.0,0.0
325.0,289.0,448.0,183.0,362.0,231.0,236.0,439.0,-10.0,0.0,0.0
394.0,391.0,484.0,322.0,439.0,341.0,359.0,479.0,-15.0,0.0,10.0
535.0,401.0,262.0,484.0,170.0,507.0,374.0,197.0,20.0,0.0,0.0
245.0,240.0,426.0,204.0,386.0,337.0,354.0,481.0,-10.0,10.0,0.0
346.0,330.0,455.0,331.0,426.0,410.0,406.0,490.0,-10.0,10.0,5.0
383.0,275.0,344.0,324.0,311.0,433.0,373.0,419.0,0.0,10.0,0.0
355.0,341.0,437.0,325.0,409.0,394.0,392.0,477.0,-10.0,10.0,10.0
472.0,357.0,342.0,408.0,251.0,437.0,314.0,285.0,10.0,0.0,0.0
485.0,364.0,338.0,442.0,316.0,491.0,420.0,399.0,10.0,10.0,5.0
529.0,428.0,404.0,445.0,254.0,430.0,241.0,185.0,10.0,-10.0,0.0
478.0,386.0,382.0,426.0,318.0,451.0,362.0,356.0,10.0,0.0,5.0
506.0,433.0,472.0,381.0,337.0,300.0,153.0,284.0,0.0,-15.0,0.0
467.0,436.0,481.0,406.0,441.0,411.0,391.0,458.0,-5.0,-5.0,15.0
473.0,422.0,478.0,365.0,350.0,333.0,242.0,336.0,0.0,-10.0,0.0
464.0,436.0,493.0,367.0,427.0,334.0,317.0,438.0,-10.0,-10.0,10.0
508.0,452.0,459.0,458.0,385.0,452.0,370.0,364.0,10.0,-10.0,10.0
470.0,446.0,489.0,389.0,439.0,372.0,375.0,464.0,-10.0,-10.0,10.0
536.0,440.0,395.0,466.0,242.0,457.0,288.0,167.0,10.0,-10.0,0.0
491.0,362.0,337.0,444.0,318.0,490.0,418.0,398.0,10.0,10.0,5.0
445.0,435.0,495.0,398.0,461.0,407.0,411.0,491.0,-15.0,0.0,15.0
475.0,412.0,449.0,372.0,348.0,336.0,239.0,336.0,0.0,-10.0,0.0
508.0,453.0,458.0,459.0,385.0,453.0,371.0,364.0,10.0,-10.0,10.0
480.0,389.0,378.0,429.0,314.0,454.0,365.0,352.0,10.0,0.0,5.0
488.0,398.0,372.0,452.0,356.0,491.0,429.0,415.0,10.0,10.0,10.0
435.0,371.0,402.0,405.0,385.0,459.0,425.0,450.0,0.0,10.0,10.0
481.0,396.0,441.0,351.0,310.0,308.0,180.0,299.0,0.0,-10.0,0.0
497.0,439.0,474.0,402.0,382.0,373.0,309.0,378.0,0.0,-10.0,5.0
464.0,436.0,494.0,368.0,427.0,334.0,317.0,439.0,-10.0,-10.0,10.0
495.0,361.0,334.0,415.0,243.0,440.0,322.0,297.0,10.0,0.0,0.0
400.0,207.0,242.0,336.0,214.0,441.0,345.0,374.0,5.0,10.0,0.0
468.0,403.0,438.0,402.0,385.0,423.0,373.0,417.0,0.0,0.0,10.0
522.0,442.0,447.0,456.0,360.0,451.0,324.0,327.0,10.0,-10.0,5.0
376.0,297.0,410.0,240.0,313.0,284.0,236.0,383.0,-5.0,0.0,0.0
446.0,397.0,459.0,350.0,397.0,354.0,314.0,418.0,-5.0,-5.0,10.0
471.0,380.0,379.0,418.0,320.0,446.0,351.0,352.0,10.0,0.0,5.0
389.0,369.0,466.0,320.0,423.0,347.0,351.0,478.0,-10.0,0.0,5.0
469.0,379.0,381.0,416.0,322.0,444.0,349.0,354.0,10.0,0.0,5.0
474.0,302.0,281.0,415.0,265.0,470.0,388.0,375.0,10.0,10.0,0.0
480.0,423.0,474.0,367.0,347.0,334.0,244.0,338.0,0.0,-10.0,0.0
467.0,363.0,332.0,431.0,318.0,476.0,419.0,410.0,10.0,10.0,5.0
382.0,274.0,346.0,323.0,313.0,432.0,371.0,421.0,0.0,10.0,0.0
508.0,389.0,340.0,450.0,262.0,473.0,356.0,293.0,15.0,0.0,5.0
461.0,412.0,459.0,364.0,347.0,335.0,246.0,335.0,0.0,-10.0,0.0
387.0,372.0,476.0,321.0,429.0,352.0,358.0,483.0,-10.0,0.0,5.0
486.0,391.0,388.0,427.0,322.0,450.0,357.0,352.0,10.0,0.0,10.0
285.0,366.0,511.0,172.0,463.0,203.0,333.0,515.0,-20.0,0.0,0.0
508.0,444.0,457.0,447.0,356.0,435.0,331.0,317.0,10.0,-10.0,5.0
538.0,441.0,427.0,459.0,305.0,447.0,276.0,254.0,10.0,-10.0,0.0
509.0,450.0,435.0,478.0,420.0,499.0,450.0,448.0,0.0,10.0,15.0
479.0,458.0,498.0,417.0,454.0,400.0,388.0,465.0,-10.0,-10.0,15.0
381.0,262.0,347.0,324.0,319.0,417.0,367.0,420.0,0.0,10.0,0.0
295.0,324.0,484.0,169.0,418.0,207.0,279.0,483.0,-15.0,0.0,0.0
455.0,422.0,498.0,308.0,419.0,251.0,271.0,436.0,-10.0,-10.0,0.0
499.0,477.0,504.0,454.0,463.0,441.0,423.0,467.0,0.0,-10.0,15.0
450.0,403.0,439.0,415.0,414.0,455.0,422.0,462.0,0.0,10.0,15.0
330.0,180.0,293.0,342.0,342.0,480.0,445.0,489.0,0.0,20.0,0.0
479.0,436.0,480.0,392.0,384.0,369.0,309.0,382.0,0.0,-10.0,5.0
534.0,453.0,448.0,456.0,288.0,420.0,217.0,173.0,10.0,-15.0,0.0
375.0,342.0,471.0,210.0,374.0,195.0,204.0,426.0,-10.0,-5.0,0.0
473.0,430.0,443.0,449.0,428.0,483.0,452.0,469.0,-10.0,10.0,15.0
516.0,439.0,437.0,457.0,351.0,453.0,329.0,320.0,10.0,-10.0,5.0
456.0,389.0,465.0,294.0,342.0,232.0,156.0,352.0,-5.0,-10.0,0.0
388.0,364.0,451.0,317.0,411.0,351.0,355.0,459.0,-10.0,0.0,5.0
472.0,322.0,280.0,419.0,255.0,489.0,401.0,378.0,10.0,10.0,0.0
465.0,275.0,235.0,388.0,164.0,452.0,312.0,280.0,10.0,5.0,0.0
529.0,471.0,500.0,427.0,388.0,322.0,180.0,306.0,0.0,-20.0,0.0
364.0,345.0,447.0,257.0,393.0,286.0,302.0,446.0,-10.0,0.0,0.0
456.0,439.0,483.0,422.0,459.0,438.0,438.0,489.0,-10.0,-10.0,15.0
380.0,262.0,348.0,323.0,320.0,415.0,366.0,420.0,0.0,10.0,0.0
476.0,429.0,457.0,426.0,420.0,440.0,394.0,440.0,0.0,-5.0,15.0
414.0,326.0,375.0,371.0,353.0,440.0,400.0,431.0,0.0,10.0,5.0
484.0,430.0,462.0,397.0,383.0,374.0,309.0,377.0,0.0,-10.0,5.0
460.0,253.0,202.0,402.0,188.0,485.0,374.0,345.0,10.0,10.0,0.0
468.0,360.0,335.0,426.0,317.0,468.0,409.0,401.0,10.0,10.0,5.0
423.0,241.0,271.0,328.0,191.0,409.0,284.0,316.0,5.0,5.0,0.0
415.0,402.0,480.0,362.0,438.0,385.0,391.0,477.0,-10.0,0.0,10.0
510.0,474.0,495.0,455.0,439.0,431.0,385.0,431.0,0.0,-15.0,15.0
533.0,453.0,446.0,465.0,348.0,453.0,332.0,318.0,10.0,-10.0,5.0
344.0,331.0,457.0,330.0,428.0,408.0,406.0,493.0,-10.0,10.0,5.0
382.0,262.0,346.0,324.0,319.0,417.0,367.0,420.0,0.0,10.0,0.0
451.0,305.0,327.0,346.0,215.0,391.0,248.0,283.0,10.0,0.0,0.0
365.0,346.0,447.0,257.0,393.0,286.0,302.0,446.0,-10.0,0.0,0.0
466.0,356.0,334.0,426.0,319.0,477.0,406.0,392.0,10.0,10.0,10.0
324.0,290.0,448.0,183.0,362.0,230.0,237.0,437.0,-10.0,0.0,0.0
512.0,454.0,466.0,456.0,389.0,450.0,368.0,374.0,10.0,-10.0,10.0
437.0,372.0,400.0,408.0,383.0,461.0,425.0,448.0,0.0,10.0,10.0
358.0,339.0,460.0,262.0,404.0,292.0,303.0,475.0,-10.0,0.0,0.0
484.0,417.0,453.0,371.0,352.0,333.0,240.0,338.0,0.0,-10.0,0.0
471.0,311.0,274.0,414.0,259.0,460.0,387.0,373.0,10.0,10.0,0.0
406.0,330.0,436.0,245.0,315.0,240.0,176.0,362.0,-5.0,-5.0,0.0
308.0,298.0,435.0,271.0,400.0,367.0,374.0,482.0,-5.0,5.0,5.0
488.0,293.0,164.0,457.0,228.0,522.0,448.0,393.0,15.0,15.0,0.0
456.0,314.0,289.0,408.0,272.0,469.0,387.0,368.0,5.0,5.0,5.0
492.0,317.0,279.0,434.0,257.0,489.0,397.0,366.0,10.0,10.0,0.0
247.0,243.0,429.0,207.0,389.0,337.0,361.0,486.0,-10.0,10.0,0.0
478.0,435.0,444.0,456.0,430.0,485.0,457.0,475.0,0.0,10.0,15.0
436.0,418.0,500.0,319.0,428.0,259.0,260.0,453.0,-10.0,-10.0,0.0
365.0,344.0,450.0,255.0,392.0,286.0,303.0,442.0,-10.0,0.0,0.0
408.0,328.0,372.0,375.0,352.0,447.0,406.0,449.0,0.0,10.0,5.0
479.0,457.0,497.0,416.0,452.0,401.0,387.0,463.0,-10.0,-10.0,15.0
490.0,419.0,457.0,372.0,352.0,332.0,240.0,340.0,0.0,-10.0,0.0
521.0,412.0,395.0,431.0,229.0,417.0,214.0,164.0,-10.0,-5.0,0.0
437.0,329.0,388.0,326.0,304.0,367.0,278.0,359.0,0.0,0.0,0.0
514.0,455.0,465.0,459.0,387.0,453.0,369.0,372.0,10.0,-10.0,10.0
362.0,339.0,455.0,255.0,397.0,293.0,310.0,449.0,-10.0,0.0,0.0
539.0,454.0,418.0,489.0,306.0,490.0,332.0,229.0,10.0,-10.0,0.0
413.0,378.0,458.0,335.0,402.0,358.0,343.0,447.0,-10.0,0.0,10.0
447.0,314.0,333.0,375.0,273.0,427.0,333.0,356.0,0.0,-15.0,5.0
299.0,289.0,425.0,256.0,395.0,371.0,374.0,477.0,-10.0,10.0,0.0
245.0,237.0,426.0,207.0,392.0,347.0,365.0,495.0,-10.0,10.0,0.0
510.0,451.0,438.0,478.0,420.0,497.0,447.0,446.0,0.0,10.0,15.0
536.0,440.0,429.0,457.0,306.0,445.0,274.0,255.0,10.0,-10.0,0.0
386.0,380.0,486.0,319.0,432.0,347.0,363.0,484.0,-10.0,0.0,5.0
361.0,364.0,485.0,268.0,430.0,297.0,329.0,480.0,-15.0,0.0,5.0
522.0,446.0,448.0,454.0,345.0,439.0,330.0,319.0,10.0,-10.0,5.0
298.0,286.0,432.0,257.0,406.0,377.0,388.0,498.0,-10.0,10.0,0.0
489.0,413.0,410.0,443.0,364.0,466.0,387.0,382.0,10.0,0.0,10.0
492.0,450.0,459.0,442.0,405.0,444.0,390.0,411.0,5.0,-5.0,15.0
411.0,330.0,369.0,378.0,349.0,450.0,409.0,446.0,0.0,10.0,5.0
518.0,448.0,437.0,456.0,344.0,446.0,337.0,318.0,10.0,-10.0,10.0
362.0,345.0,452.0,257.0,400.0,286.0,304.0,462.0,-10.0,0.0,0.0
477.0,329.0,300.0,395.0,190.0,432.0,288.0,244.0,10.0,0.0,0.0
390.0,365.0,452.0,317.0,411.0,350.0,355.0,459.0,-10.0,0.0,5.0
456.0,372.0,420.0,352.0,329.0,361.0,269.0,354.0,0.0,-5.0,5.0
502.0,395.0,417.0,385.0,255.0,357.0,173.0,214.0,-10.0,-5.0,0.0
443.0,329.0,397.0,302.0,259.0,302.0,173.0,295.0,0.0,-5.0,0.0
491.0,314.0,277.0,434.0,258.0,492.0,399.0,368.0,10.0,10.0,0.0
501.0,329.0,215.0,442.0,156.0,489.0,358.0,255.0,15.0,5.0,0.0
483.0,440.0,508.0,328.0,419.0,200.0,181.0,416.0,-10.0,-15.0,0.0
513.0,430.0,435.0,436.0,298.0,420.0,281.0,250.0,10.0,-10.0,0.0
502.0,389.0,375.0,439.0,312.0,460.0,359.0,348.0,10.0,0.0,5.0
500.0,388.0,378.0,441.0,315.0,466.0,359.0,347.0,10.0,0.0,5.0
196.0,254.0,463.0,176.0,428.0,326.0,376.0,512.0,-15.0,10.0,0.0
486.0,412.0,411.0,441.0,365.0,464.0,385.0,384.0,10.0,0.0,10.0
509.0,450.0,434.0,478.0,420.0,499.0,451.0,448.0,0.0,10.0,15.0
459.0,433.0,510.0,313.0,427.0,256.0,271.0,446.0,-10.0,-10.0,0.0
543.0,461.0,421.0,482.0,287.0,468.0,327.0,230.0,10.0,-10.0,0.0
433.0,405.0,497.0,281.0,406.0,207.0,206.0,428.0,-10.0,-10.0,0.0
482.0,436.0,443.0,459.0,429.0,487.0,457.0,473.0,0.0,10.0,15.0
486.0,428.0,460.0,400.0,375.0,385.0,311.0,376.0,0.0,-10.0,10.0
288.0,276.0,439.0,268.0,406.0,375.0,378.0,482.0,-10.0,10.0,0.0
484.0,387.0,402.0,391.0,295.0,398.0,280.0,308.0,5.0,-5.0,5.0
288.0,277.0,440.0,267.0,406.0,374.0,378.0,482.0,-10.0,10.0,0.0
494.0,303.0,181.0,449.0,182.0,506.0,403.0,330.0,15.0,10.0,0.0
448.0,431.0,477.0,432.0,460.0,468.0,457.0,503.0,-10.0,10.0,15.0
453.0,437.0,507.0,359.0,443.0,327.0,325.0,468.0,-10.0,-10.0,5.0
513.0,455.0,465.0,459.0,388.0,452.0,369.0,373.0,10.0,-10.0,10.0
347.0,329.0,454.0,333.0,424.0,411.0,405.0,489.0,-10.0,10.0,5.0
491.0,414.0,408.0,446.0,362.0,469.0,389.0,381.0,10.0,0.0,10.0
408.0,324.0,375.0,371.0,354.0,438.0,400.0,435.0,0.0,10.0,5.0
386.0,371.0,463.0,365.0,441.0,430.0,427.0,502.0,-10.0,10.0,10.0
490.0,362.0,335.0,440.0,315.0,478.0,410.0,394.0,10.0,10.0,5.0
484.0,439.0,486.0,390.0,394.0,361.0,315.0,391.0,0.0,-10.0,5.0
463.0,359.0,373.0,404.0,326.0,432.0,359.0,381.0,5.0,5.0,10.0
368.0,303.0,405.0,290.0,346.0,363.0,332.0,428.0,10.0,10.0,5.0
475.0,361.0,340.0,410.0,248.0,441.0,317.0,283.0,10.0,0.0,0.0
483.0,440.0,509.0,327.0,420.0,199.0,182.0,417.0,-10.0,-15.0,0.0
514.0,478.0,485.0,476.0,440.0,472.0,423.0,430.0,10.0,-10.0,15.0
355.0,344.0,486.0,255.0,416.0,296.0,310.0,479.0,-10.0,0.0,0.0
282.0,191.0,359.0,224.0,319.0,368.0,337.0,455.0,-5.0,10.0,0.0
463.0,412.0,457.0,366.0,346.0,337.0,245.0,333.0,0.0,-10.0,0.0
262.0,177.0,352.0,257.0,349.0,420.0,398.0,484.0,-5.0,15.0,0.0
406.0,323.0,377.0,374.0,363.0,452.0,416.0,453.0,0.0,15.0,10.0
437.0,342.0,402.0,342.0,317.0,376.0,297.0,371.0,0.0,0.0,5.0
262.0,177.0,355.0,257.0,349.0,420.0,398.0,484.0,-5.0,15.0,0.0
505.0,425.0,416.0,440.0,299.0,432.0,289.0,240.0,10.0,-10.0,0.0
377.0,268.0,347.0,344.0,337.0,449.0,409.0,454.0,0.0,15.0,5.0
209.0,199.0,411.0,226.0,397.0,401.0,404.0,506.0,-10.0,15.0,0.0
470.0,320.0,279.0,420.0,256.0,491.0,402.0,378.0,10.0,10.0,0.0
173.0,245.0,460.0,213.0,446.0,390.0,427.0,527.0,-15.0,15.0,0.0
487.0,395.0,373.0,448.0,360.0,481.0,428.0,421.0,10.0,10.0,10.0
468.0,403.0,439.0,402.0,386.0,423.0,373.0,417.0,0.0,0.0,10.0
378.0,268.0,348.0,342.0,334.0,447.0,406.0,452.0,0.0,15.0,5.0
478.0,318.0,283.0,426.0,257.0,495.0,399.0,369.0,10.0,10.0,0.0
491.0,363.0,336.0,440.0,315.0,477.0,408.0,393.0,10.0,10.0,5.0
540.0,456.0,417.0,489.0,306.0,491.0,334.0,228.0,10.0,-10.0,0.0
405.0,326.0,381.0,373.0,359.0,441.0,404.0,451.0,0.0,10.0,5.0
235.0,211.0,412.0,187.0,372.0,338.0,345.0,485.0,-10.0,10.0,0.0
348.0,330.0,447.0,332.0,420.0,410.0,403.0,483.0,-10.0,10.0,5.0
470.0,381.0,400.0,403.0,334.0,427.0,345.0,371.0,5.0,0.0,10.0
471.0,424.0,463.0,393.0,378.0,375.0,307.0,376.0,0.0,-10.0,5.0
481.0,471.0,509.0,436.0,474.0,433.0,433.0,499.0,-10.0,-10.0,15.0
467.0,362.0,332.0,431.0,318.0,476.0,420.0,410.0,10.0,10.0,5.0
468.0,363.0,330.0,431.0,318.0,483.0,420.0,412.0,10.0,10.0,5.0
432.0,326.0,398.0,323.0,302.0,360.0,282.0,366.0,0.0,0.0,0.0
475.0,362.0,339.0,411.0,247.0,441.0,318.0,283.0,10.0,0.0,0.0
438.0,392.0,488.0,267.0,392.0,186.0,177.0,412.0,-10.0,-10.0,0.0
443.0,265.0,220.0,394.0,209.0,469.0,375.0,356.0,10.0,10.0,0.0
511.0,453.0,454.0,463.0,388.0,460.0,374.0,364.0,10.0,-10.0,10.0
326.0,287.0,446.0,184.0,361.0,232.0,235.0,436.0,-10.0,0.0,0.0
466.0,411.0,454.0,371.0,344.0,340.0,242.0,332.0,0.0,-10.0,0.0
411.0,379.0,461.0,334.0,406.0,356.0,344.0,450.0,-10.0,0.0,10.0
486.0,366.0,340.0,442.0,315.0,490.0,418.0,396.0,10.0,10.0,5.0
420.0,354.0,401.0,358.0,352.0,410.0,363.0,418.0,0.0,5.0,10.0
455.0,429.0,483.0,360.0,423.0,325.0,326.0,444.0,-10.0,-10.0,5.0
485.0,429.0,448.0,437.0,405.0,453.0,403.0,430.0,5.0,0.0,15.0
489.0,419.0,458.0,371.0,353.0,331.0,241.0,341.0,0.0,-10.0,0.0
537.0,440.0,428.0,458.0,306.0,446.0,275.0,255.0,10.0,-10.0,0.0
345.0,330.0,456.0,331.0,426.0,410.0,406.0,491.0,-10.0,10.0,5.0
472.0,339.0,364.0,350.0,212.0,364.0,192.0,233.0,5.0,-5.0,0.0
460.0,430.0,484.0,356.0,423.0,327.0,330.0,446.0,-10.0,-10.0,5.0
388.0,363.0,451.0,317.0,411.0,351.0,356.0,460.0,-10.0,0.0,5.0
523.0,443.0,446.0,458.0,358.0,454.0,326.0,325.0,10.0,-10.0,5.0
506.0,366.0,339.0,433.0,250.0,462.0,320.0,287.0,10.0,0.0,0.0
489.0,419.0,459.0,370.0,353.0,331.0,242.0,341.0,0.0,-10.0,0.0
498.0,452.0,478.0,425.0,414.0,403.0,359.0,414.0,0.0,-10.0,10.0
501.0,416.0,414.0,449.0,368.0,465.0,385.0,389.0,10.0,0.0,10.0
455.0,443.0,512.0,354.0,446.0,327.0,334.0,473.0,-10.0,-10.0,5.0
471.0,423.0,481.0,361.0,353.0,330.0,244.0,338.0,0.0,-10.0,0.0
315.0,226.0,378.0,209.0,301.0,313.0,274.0,410.0,-5.0,5.0,0.0
480.0,436.0,480.0,393.0,384.0,370.0,309.0,381.0,0.0,-10.0,5.0
483.0,366.0,334.0,437.0,316.0,472.0,411.0,397.0,10.0,10.0,5.0
509.0,358.0,269.0,444.0,158.0,475.0,317.0,201.0,15.0,0.0,0.0
478.0,416.0,469.0,371.0,345.0,339.0,235.0,332.0,0.0,-10.0,0.0
498.0,452.0,478.0,426.0,414.0,403.0,359.0,414.0,0.0,-10.0,10.0
333.0,177.0,290.0,302.0,295.0,443.0,393.0,453.0,0.0,15.0,0.0
541.0,457.0,416.0,490.0,305.0,491.0,334.0,228.0,10.0,-10.0,0.0
511.0,475.0,496.0,455.0,439.0,431.0,385.0,431.0,0.0,-15.0,15.0
501.0,395.0,417.0,385.0,255.0,356.0,173.0,214.0,-10.0,-5.0,0.0
480.0,357.0,335.0,407.0,243.0,433.0,322.0,296.0,10.0,0.0,0.0
489.0,452.0,474.0,450.0,439.0,462.0,430.0,463.0,0.0,0.0,15.0
446.0,266.0,221.0,392.0,213.0,467.0,375.0,357.0,10.0,10.0,0.0
468.0,444.0,487.0,387.0,438.0,372.0,376.0,464.0,-10.0,-10.0,10.0
467.0,436.0,481.0,405.0,442.0,411.0,391.0,460.0,-5.0,-5.0,15.0
383.0,267.0,347.0,323.0,316.0,428.0,368.0,417.0,0.0,10.0,0.0
513.0,431.0,415.0,443.0,300.0,428.0,291.0,271.0,10.0,-10.0,5.0
470.0,438.0,492.0,359.0,426.0,330.0,332.0,450.0,-10.0,-10.0,5.0
489.0,336.0,304.0,400.0,191.0,429.0,278.0,244.0,10.0,0.0,0.0
468.0,380.0,401.0,402.0,335.0,426.0,344.0,372.0,5.0,0.0,10.0
492.0,302.0,183.0,447.0,182.0,503.0,401.0,330.0,15.0,10.0,0.0
413.0,325.0,376.0,370.0,354.0,440.0,399.0,432.0,0.0,10.0,5.0
446.0,428.0,469.0,429.0,452.0,465.0,453.0,489.0,-10.0,0.0,15.0
462.0,430.0,465.0,412.0,423.0,427.0,404.0,456.0,-5.0,0.0,15.0
361.0,364.0,485.0,267.0,430.0,297.0,329.0,480.0,-15.0,0.0,5.0
502.0,330.0,213.0,444.0,156.0,491.0,359.0,253.0,15.0,5.0,0.0
503.0,453.0,480.0,424.0,396.0,386.0,310.0,376.0,0.0,-15.0,10.0
458.0,311.0,268.0,410.0,262.0,466.0,394.0,377.0,10.0,10.0,0.0
389.0,369.0,452.0,314.0,408.0,343.0,347.0,458.0,-10.0,0.0,5.0
513.0,417.0,373.0,463.0,313.0,484.0,389.0,335.0,15.0,0.0,10.0
414.0,327.0,377.0,373.0,355.0,449.0,403.0,432.0,0.0,10.0,5.0
493.0,437.0,493.0,348.0,378.0,242.0,160.0,354.0,-5.0,-15.0,0.0
477.0,419.0,472.0,369.0,346.0,336.0,238.0,333.0,0.0,-10.0,0.0
455.0,314.0,292.0,403.0,272.0,464.0,381.0,367.0,5.0,5.0,5.0
440.0,233.0,191.0,407.0,236.0,496.0,421.0,413.0,10.0,15.0,0.0
450.0,290.0,316.0,335.0,192.0,382.0,228.0,267.0,5.0,0.0,0.0
498.0,435.0,446.0,440.0,351.0,434.0,329.0,318.0,10.0,-10.0,5.0
346.0,212.0,321.0,282.0,285.0,396.0,338.0,421.0,0.0,5.0,0.0
366.0,344.0,450.0,255.0,392.0,286.0,302.0,441.0,-10.0,0.0,0.0
489.0,335.0,305.0,398.0,193.0,428.0,276.0,245.0,10.0,0.0,0.0
419.0,406.0,466.0,394.0,443.0,433.0,427.0,486.0,-10.0,10.0,15.0
462.0,434.0,487.0,360.0,425.0,326.0,329.0,445.0,-10.0,-10.0,5.0
482.0,365.0,333.0,437.0,316.0,473.0,413.0,398.0,10.0,10.0,5.0
472.0,380.0,379.0,418.0,319.0,447.0,352.0,351.0,10.0,0.0,5.0
499.0,477.0,502.0,455.0,461.0,442.0,422.0,463.0,0.0,-10.0,15.0
458.0,270.0,223.0,402.0,209.0,481.0,381.0,358.0,10.0,10.0,0.0
173.0,244.0,461.0,213.0,446.0,390.0,427.0,527.0,-15.0,15.0,0.0
507.0,452.0,459.0,457.0,385.0,451.0,370.0,365.0,10.0,-10.0,10.0
469.0,364.0,332.0,431.0,317.0,481.0,418.0,410.0,10.0,10.0,5.0
390.0,366.0,452.0,317.0,411.0,350.0,354.0,458.0,-10.0,0.0,5.0
501.0,394.0,417.0,385.0,255.0,356.0,174.0,215.0,-10.0,-5.0,0.0
315.0,225.0,378.0,209.0,301.0,313.0,272.0,415.0,-5.0,5.0,0.0
528.0,470.0,498.0,426.0,387.0,320.0,179.0,304.0,0.0,-20.0,0.0
491.0,452.0,474.0,450.0,439.0,461.0,429.0,461.0,0.0,0.0,15.0
412.0,292.0,362.0,292.0,256.0,339.0,235.0,336.0,0.0,0.0,0.0
444.0,329.0,396.0,299.0,254.0,302.0,171.0,294.0,0.0,-5.0,0.0
346.0,213.0,321.0,282.0,286.0,396.0,337.0,421.0,0.0,5.0,0.0
433.0,405.0,497.0,281.0,406.0,207.0,207.0,428.0,-10.0,-10.0,0.0
473.0,355.0,333.0,405.0,239.0,434.0,318.0,282.0,10.0,0.0,0.0
358.0,342.0,470.0,257.0,405.0,295.0,314.0,463.0,-10.0,0.0,0.0
466.0,450.0,500.0,385.0,446.0,375.0,378.0,472.0,-10.0,-10.0,10.0
349.0,330.0,453.0,332.0,427.0,417.0,410.0,500.0,-10.0,10.0,5.0
302.0,276.0,433.0,265.0,406.0,380.0,386.0,503.0,-10.0,10.0,0.0
472.0,423.0,480.0,363.0,352.0,331.0,243.0,337.0,0.0,-10.0,0.0
412.0,379.0,459.0,335.0,403.0,357.0,343.0,448.0,-10.0,0.0,10.0
516.0,445.0,434.0,454.0,343.0,443.0,335.0,321.0,10.0,-10.0,10.0
373.0,264.0,345.0,328.0,313.0,416.0,370.0,428.0,0.0,10.0,0.0
308.0,298.0,435.0,271.0,400.0,366.0,373.0,482.0,-5.0,5.0,5.0
489.0,450.0,487.0,414.0,416.0,395.0,361.0,419.0,0.0,-10.0,10.0
458.0,270.0,223.0,402.0,210.0,481.0,381.0,359.0,10.0,10.0,0.0
504.0,453.0,481.0,425.0,396.0,386.0,310.0,376.0,0.0,-15.0,10.0
506.0,426.0,415.0,440.0,298.0,432.0,290.0,239.0,10.0,-10.0,0.0
448.0,315.0,333.0,377.0,272.0,427.0,331.0,354.0,0.0,-15.0,5.0
488.0,410.0,420.0,416.0,334.0,417.0,325.0,339.0,5.0,-5.0,10.0
464.0,436.0,494.0,368.0,428.0,333.0,318.0,440.0,-10.0,-10.0,10.0
423.0,298.0,381.0,290.0,267.0,331.0,230.0,336.0,0.0,0.0,0.0
488.0,293.0,164.0,457.0,228.0,525.0,448.0,396.0,15.0,15.0,0.0
454.0,441.0,493.0,426.0,468.0,446.0,447.0,504.0,-10.0,0.0,15.0
296.0,324.0,484.0,168.0,419.0,207.0,279.0,483.0,-15.0,0.0,0.0
502.0,423.0,439.0,428.0,305.0,417.0,271.0,247.0,10.0,-10.0,0.0
447.0,398.0,461.0,353.0,396.0,353.0,315.0,418.0,-5.0,-5.0,10.0
454.0,436.0,482.0,422.0,460.0,440.0,441.0,490.0,-10.0,-10.0,15.0
433.0,410.0,503.0,277.0,412.0,205.0,210.0,434.0,-10.0,-10.0,0.0
466.0,277.0,234.0,390.0,163.0,453.0,314.0,279.0,10.0,5.0,0.0
409.0,293.0,377.0,283.0,264.0,327.0,232.0,340.0,0.0,0.0,0.0
315.0,226.0,378.0,209.0,301.0,313.0,273.0,416.0,-5.0,5.0,0.0
432.0,382.0,434.0,352.0,370.0,377.0,346.0,416.0,-5.0,0.0,10.0
505.0,451.0,460.0,455.0,386.0,449.0,367.0,366.0,10.0,-10.0,10.0
476.0,419.0,473.0,368.0,347.0,335.0,239.0,333.0,0.0,-10.0,0.0
489.0,450.0,472.0,449.0,437.0,460.0,428.0,460.0,0.0,0.0,15.0
498.0,447.0,439.0,471.0,424.0,493.0,452.0,458.0,10.0,10.0,15.0
414.0,327.0,377.0,372.0,355.0,448.0,403.0,432.0,0.0,10.0,5.0
501.0,389.0,377.0,442.0,314.0,466.0,360.0,346.0,10.0,0.0,5.0
483.0,429.0,449.0,435.0,406.0,451.0,403.0,432.0,5.0,0.0,15.0
423.0,299.0,382.0,289.0,268.0,332.0,230.0,337.0,0.0,0.0,0.0
464.0,436.0,493.0,368.0,427.0,334.0,317.0,439.0,-10.0,-10.0,10.0
462.0,443.0,488.0,390.0,441.0,373.0,371.0,466.0,-10.0,-10.0,10.0
441.0,416.0,481.0,322.0,410.0,264.0,271.0,441.0,-10.0,-10.0,0.0
516.0,456.0,462.0,462.0,386.0,455.0,372.0,370.0,10.0,-10.0,10.0
486.0,418.0,461.0,390.0,334.0,365.0,243.0,301.0,10.0,-10.0,0.0
452.0,420.0,452.0,409.0,418.0,437.0,414.0,461.0,0.0,5.0,15.0
288.0,277.0,440.0,267.0,406.0,374.0,379.0,483.0,-10.0,10.0,0.0
486.0,415.0,450.0,373.0,350.0,334.0,237.0,337.0,0.0,-10.0,0.0
456.0,314.0,289.0,408.0,272.0,469.0,386.0,368.0,5.0,5.0,5.0
437.0,342.0,400.0,342.0,317.0,375.0,296.0,370.0,0.0,0.0,5.0
485.0,363.0,344.0,414.0,254.0,452.0,317.0,290.0,10.0,0.0,0.0
486.0,416.0,451.0,373.0,350.0,334.0,237.0,337.0,0.0,-10.0,0.0
463.0,412.0,457.0,366.0,346.0,337.0,245.0,334.0,0.0,-10.0,0.0
499.0,438.0,472.0,404.0,381.0,376.0,307.0,376.0,0.0,-10.0,5.0
435.0,336.0,394.0,327.0,307.0,369.0,279.0,363.0,0.0,0.0,0.0
497.0,393.0,373.0,438.0,308.0,455.0,363.0,346.0,10.0,0.0,5.0
456.0,268.0,224.0,394.0,212.0,466.0,369.0,351.0,10.0,10.0,0.0
477.0,419.0,472.0,369.0,346.0,337.0,238.0,333.0,0.0,-10.0,0.0
513.0,428.0,418.0,443.0,305.0,436.0,283.0,247.0,10.0,-10.0,0.0
532.0,427.0,407.0,444.0,252.0,429.0,238.0,189.0,10.0,-10.0,0.0
364.0,345.0,447.0,257.0,393.0,286.0,303.0,446.0,-10.0,0.0,0.0
403.0,348.0,418.0,340.0,368.0,395.0,368.0,431.0,-5.0,5.0,10.0
505.0,453.0,457.0,466.0,426.0,477.0,428.0,442.0,10.0,10.0,15.0
455.0,314.0,291.0,405.0,272.0,466.0,384.0,368.0,5.0,5.0,5.0
347.0,212.0,320.0,283.0,286.0,396.0,339.0,420.0,0.0,5.0,0.0
457.0,425.0,498.0,311.0,420.0,253.0,271.0,436.0,-10.0,-10.0,0.0
495.0,434.0,449.0,437.0,354.0,431.0,325.0,322.0,10.0,-10.0,5.0
358.0,343.0,472.0,257.0,405.0,294.0,313.0,462.0,-10.0,0.0,0.0
447.0,238.0,188.0,410.0,232.0,497.0,420.0,412.0,10.0,15.0,0.0
245.0,237.0,426.0,207.0,391.0,347.0,365.0,495.0,-10.0,10.0,0.0
463.0,435.0,493.0,368.0,426.0,334.0,317.0,438.0,-10.0,-10.0,10.0
485.0,416.0,452.0,372.0,351.0,334.0,238.0,338.0,0.0,-10.0,0.0
353.0,340.0,439.0,325.0,411.0,395.0,394.0,479.0,-10.0,10.0,10.0
456.0,389.0,466.0,293.0,342.0,232.0,156.0,352.0,-5.0,-10.0,0.0
389.0,369.0,466.0,320.0,422.0,347.0,351.0,478.0,-10.0,0.0,5.0
457.0,269.0,225.0,394.0,212.0,465.0,369.0,350.0,10.0,10.0,0.0
502.0,418.0,412.0,451.0,366.0,467.0,387.0,387.0,10.0,0.0,10.0
346.0,333.0,439.0,323.0,414.0,406.0,402.0,476.0,-10.0,10.0,5.0
470.0,309.0,272.0,414.0,260.0,462.0,388.0,374.0,10.0,10.0,0.0
483.0,417.0,453.0,371.0,352.0,333.0,240.0,338.0,0.0,-10.0,0.0
447.0,397.0,459.0,351.0,397.0,353.0,314.0,418.0,-5.0,-5.0,10.0
395.0,389.0,483.0,322.0,437.0,342.0,358.0,478.0,-15.0,0.0,10.0
543.0,461.0,421.0,481.0,287.0,467.0,326.0,230.0,10.0,-10.0,0.0
492.0,316.0,278.0,434.0,257.0,490.0,397.0,366.0,10.0,10.0,0.0
452.0,377.0,421.0,377.0,356.0,401.0,338.0,397.0,0.0,0.0,10.0
348.0,328.0,435.0,330.0,412.0,410.0,399.0,473.0,-10.0,10.0,5.0
497.0,439.0,474.0,402.0,383.0,373.0,309.0,378.0,0.0,-10.0,5.0
495.0,456.0,479.0,438.0,425.0,430.0,385.0,431.0,0.0,-10.0,15.0
488.0,439.0,483.0,394.0,390.0,367.0,313.0,386.0,0.0,-10.0,5.0
493.0,419.0,455.0,374.0,351.0,333.0,238.0,340.0,0.0,-10.0,0.0
489.0,450.0,472.0,449.0,438.0,460.0,428.0,460.0,0.0,0.0,15.0
515.0,364.0,265.0,450.0,158.0,481.0,324.0,200.0,15.0,0.0,0.0
500.0,416.0,414.0,448.0,368.0,465.0,385.0,390.0,10.0,0.0,10.0
464.0,442.0,504.0,358.0,434.0,326.0,329.0,458.0,-10.0,-10.0,5.0
492.0,317.0,278.0,434.0,257.0,490.0,397.0,366.0,10.0,10.0,0.0
508.0,478.0,499.0,457.0,459.0,439.0,419.0,462.0,10.0,-10.0,15.0
301.0,286.0,423.0,258.0,392.0,376.0,372.0,473.0,-10.0,10.0,0.0
445.0,378.0,390.0,418.0,371.0,466.0,426.0,448.0,0.0,10.0,10.0
435.0,373.0,401.0,402.0,382.0,463.0,423.0,451.0,0.0,10.0,10.0
478.0,409.0,450.0,370.0,342.0,355.0,261.0,347.0,0.0,-10.0,5.0
463.0,449.0,503.0,389.0,451.0,371.0,369.0,477.0,-10.0,-10.0,10.0
