s1,s2,s3,s4,s5,s6,s7,s8
0.16354227074043284,0.745409601015923,1.2997224281973259,-1.1364143297273244,0.8835157081045301,-2.6968369739033093,-1.8453414888121953,0.42959393229577675
-0.13683625365827254,0.14742563894104116,0.35679122044947864,-0.2863794871923611,0.34159580204084183,-0.3245026243179885,0.04907295837490491,0.34204482151414356
0.9502479298798994,1.2387463697277006,0.6618571994267233,1.194326367545962,0.49444500631521543,0.7437414980099045,0.44252826663684114,-0.35834806473892156
0.34949088108248855,0.6407624076528188,0.6202572932025535,-0.025884938673582037,-0.06137028195523395,-0.8378147350469761,-1.4081689240767106,-0.7460655553432969
-0.8234157379981706,-0.0319695496814234,0.8559900951395154,-0.6839764296683923,1.1058418234127099,-0.6158419304074139,0.29680407839167955,1.1675078660266847
0.3351871418254073,-0.7047015070156656,-1.87573708024763,0.5773655947383275,-1.3675362093907901,1.0489541043893025,0.806838737249745,-0.22077089065349806
-2.9260654087891083,-1.2578366719349312,0.8421234597314587,-2.959876169358778,0.9946787657586199,-1.9754253588247324,-0.16951332399283742,1.3050850401121081
-1.1380980016539572,-1.452181459609268,-0.11467438342444491,-2.068710608636639,-0.7144532456730119,-1.7118326533152521,-1.7870518135141307,-0.10820774821996973
-1.538602700852231,-2.8574437704852405,-1.6677375491267814,-0.9444709781871715,-0.770034774500057,0.6050084951101782,0.7776938996007127,0.7547763437704141
0.2922759240541637,1.1041999782608523,1.063989626260364,0.2620300886366475,1.2586910276870833,-0.35224922489793375,0.4571006854613573,0.9173675495077328
-0.6660746061702773,0.3118712285116337,1.0085230846281377,-0.6702661902726672,1.2309002632735608,-0.7961948341770582,0.2822316595671634,1.0799587552450516
0.6355656662241127,1.5825871479207578,1.3829222406456652,0.9201215796314578,1.7589247871304878,0.4801487925004244,1.3460182337568427,1.3300990717640033
0.049112356683783165,-1.5418790539205003,-2.638402027690742,0.31687104621954837,-1.9372468798680007,0.993460903229412,0.529962779583938,-0.44589717552055474
-0.32278486400032824,0.5510648133415864,0.7589236472831193,0.31687104621954837,1.3281679387208896,0.4801487925004244,1.3023009772832943,1.1925218976785799
0.5068320129103818,0.9696535867940038,0.4815909391219878,1.1394854099630614,1.1336325878262323,1.1738138069990562,1.6957562855452306,1.0549447235931564
0.42100957736789457,1.2985447659351887,1.6047884071745704,-0.7662378660427437,1.5365986718223081,-3.1407825831824336,-1.539320693497356,0.9548885969855756
-0.33708860325740947,0.5510648133415864,0.7727902826911759,0.31687104621954837,1.3420633209276507,0.4801487925004244,1.3168733961078105,1.217535929330475
0.9645516691369805,-0.017019950629551348,-1.0160056849481223,0.8652806220485569,-1.3953269738043126,0.8963478011996036,-0.2715202557644505,-1.3338952991628337
0.3924020988537322,-0.09176794588891159,-1.0853388619884052,0.8241499038613813,-0.45044098374454855,1.03508080409933,1.1274319513891005,0.19196063160277246
0.42100957736789457,0.9098551905865155,0.869856730547572,0.2620300886366475,0.49444500631521543,-0.3799958254778791,-0.4463892816586444,-0.13322177987186493
1.007462886908224,1.2536959687795728,0.5925240223864404,1.249167325128863,0.5361311529354992,0.8547279003296856,0.5008179419349057,-0.35834806473892156
0.8215142765661685,0.38661922377099395,-0.5445400810741987,0.933831819027183,-0.5754994236053996,0.8131079994597677,0.35509375368974416,-0.5834743496059782
-0.6946820846844397,-0.017019950629551348,0.5925240223864404,-0.7388173872512932,0.8557249436910075,-0.6990817321472497,0.19479714662006647,0.8048044070742045
0.1206310529691892,0.012879247474192746,0.1626583247366866,-0.03959517806930725,0.00810662907857222,-0.019290017938590493,-0.03836155457219202,0.04187644169140137
0.5354394914245443,0.9397543886902597,0.6618571994267233,0.7555987068827552,0.9807833835518587,0.535641993660315,0.7631214807761966,0.5671711063812003
-1.1810092194252009,-0.39075992692635253,0.8282568243234022,-1.5614317509948061,0.7723526504504401,-1.4482399478057721,-0.3880996063605798,0.8673394862039424
0.5354394914245443,0.700560803860307,0.8005235535072891,0.0015355401178683943,-0.06137028195523395,-0.8239414347570034,-1.5247482746728398,-0.7585725711692445
1.3078414113069294,1.2536959687795728,0.4815909391219878,1.2902980433160387,-0.01968413533495025,0.7437414980099045,-0.1112236486947728,-0.9461778085584585
0.07771983519794558,0.8500567943790274,1.1194561678925903,-0.20411805081800982,1.119737205619471,-0.9488011373667572,-0.2423754181154182,0.87984650202989
0.37809835959665095,-1.3624838652980356,-2.472002402794063,0.2620300886366475,-2.60422522579254,0.7714880985898498,-0.35895476871154747,-1.4339514257704145
0.3065796633112449,0.3716696247191219,0.2874580434091958,0.16605841286657097,0.17485121555970703,-0.08865651938845368,-0.3006650934134828,-0.14572879569781252
0.9645516691369805,1.6274359450763738,1.230389251157043,1.180616128150237,1.5227032896155468,0.5633885942402602,1.1565767890381327,0.87984650202989
0.8501217550803308,0.9846031858458758,0.45385766830587465,0.9886727766100839,-0.01968413533495025,0.5495152939502876,-0.1112236486947728,-0.9711918402103535
-0.923541912797739,-1.0784414833124667,-0.01760793556804889,-1.7945058207221347,-0.5199178947783547,-1.5869729507054984,-1.5101758558483238,-0.12071476404591733
0.2922759240541637,0.6407624076528188,0.6479905640186667,-0.09443613565220811,-0.033579517541711484,-0.879434635916894,-1.3644516676031622,-0.7335585395173494
1.1791077579931986,1.343393563090805,0.6757238348347798,1.3451390008989395,0.5639219173490216,0.8547279003296856,0.41338342898780883,-0.283305969783236
-0.4229110387998967,-0.6299535117563053,-0.5445400810741987,0.08379697649221969,-0.01968413533495025,0.6327550956901234,0.9525629254949066,0.5671711063812003
1.3793601075923356,1.059351181105236,0.23199150177696948,1.194326367545962,-0.6032901880189221,0.6605016962700687,-0.9418515216921937,-1.721612789767209
0.6784768839953563,0.4314680209266101,-0.5445400810741987,1.1120649311716109,0.09147892231913964,1.2848002093188373,1.3168733961078105,0.2795097423844056
0.8215142765661685,0.9846031858458758,0.4815909391219878,0.9612522978186334,0.00810662907857222,0.5078953930803697,-0.15494090516832126,-0.9461778085584585
-0.8949344342835766,-1.46713105866114,-0.9882724141320092,-0.5742945145025906,-0.5893948058121609,0.41078229105056124,0.5008179419349057,0.5546640905552527
-0.7948082594840081,0.14742563894104116,1.0223897200361942,-0.6976866690641176,1.1336325878262323,-0.6990817321472497,0.3696661725142603,1.1424938343747895
-0.3943035602857343,0.401568822822866,0.7727902826911759,-0.12185661444365854,1.175318734446516,-0.15802302083831687,0.7485490619516804,1.0674517394191039
-3.870112199756468,-1.8558206340098131,0.6895904702428365,-2.2195232419896165,1.355958703134412,-0.1718963211282895,1.3168733961078105,1.6802955148905359
-1.6530326149088808,-1.198038275727443,0.4954575745300444,-2.562279226882747,0.17485121555970703,-2.308384565784076,-1.5101758558483238,0.5421570747293051
1.2935376720498484,0.401568822822866,-2.069869975960422,1.4822413948561917,-2.548643696965495,1.4235332122185638,0.427955847812325,-2.459526723498117
0.449617055882057,0.7902583981715392,0.9253232721797983,-0.09443613565220811,0.00810662907857222,-0.9210545367868119,-1.4227413429012268,-0.7085445078654542
0.3351871418254073,1.074300780157108,1.2719891573812125,-0.1904078114222846,1.175318734446516,-1.0042943385266476,-0.15494090516832126,0.8173114229001521
0.4782245343962194,0.6557120067046908,0.5370574807542141,0.01524577951359361,-0.005788753128189014,-0.879434635916894,-1.4664585993747752,-0.7085445078654542
0.14923853148335162,-0.9438950918456183,-1.1685386744367445,-0.341220444775262,-1.8677699688341944,-0.10252981967842631,-1.33530682995413,-1.3714163466406766
-2.311004620734616,-1.2279374738311872,0.31519131422530894,-1.5751419903905313,0.7445618860369176,-0.4632356272177149,0.5882524548820027,1.0424377077672087
0.792906798052006,0.8949055915346436,0.3290579496333655,0.9612522978186334,-0.06137028195523395,0.5495152939502876,-0.18408574281735357,-0.9962058718622487
1.0360703654223866,0.8949055915346436,0.07945851228834713,1.0023830160058091,-0.6171855702256833,0.535641993660315,-0.8252721710960644,-1.82166891637479
-0.4229110387998967,-0.6748023089119214,-0.4613402686258593,-0.025884938673582037,0.10537430452590087,0.5495152939502876,0.8651284125478096,0.5171430430774099
-1.2954391334818505,-0.6000543136525612,0.45385766830587465,-0.5057433175239646,0.9668880013450974,0.18880948641099907,0.9234180878458742,1.1049727868969468
0.449617055882057,-0.7196511060675376,-1.8202705386154037,0.6596270311126787,-1.311954680563745,1.2709269090288648,0.8942732501968419,-0.1832498431756553
-0.4086072995428155,-1.0784414833124667,-0.47520690403391586,-1.0541528933529731,-1.2007916229096551,-0.8239414347570034,-1.4956034370238076,-0.6710234603876114
0.649869405481194,0.8949055915346436,0.6757238348347798,0.39913248259389966,0.35549118424760306,-0.18576962141826214,-0.43181686283412823,-0.20826387482755046
-1.88189244302218,-1.0485422852087227,0.31519131422530894,-1.3831986388503783,0.6750849750031115,-0.4771089275076875,0.41338342898780883,1.092465771070999
-0.022406339601622877,-2.035215822632278,-3.0544010899324388,0.49510415836397614,-1.5620715602854474,1.3402934104787279,1.185721626687165,0.267002726558458
0.5640469699387067,0.29692162945976164,-0.4474736332178027,0.7830191856742057,-0.478231748158071,0.7714880985898498,0.3696661725142603,-0.5084322546502927
-1.3669578297672564,-0.6000543136525612,0.4954575745300444,-0.6428457114812167,1.0780510589991874,0.21655608699094434,1.083714694915552,1.3926341508937414
0.993159147651143,1.6274359450763738,1.2026559803409298,1.2354570857331377,1.4949125252020243,0.6188817954001508,1.1420043702136167,0.8173114229001521
0.8215142765661685,0.2520728323041455,-0.4474736332178027,0.933831819027183,-0.4643363659513098,0.8963478011996036,0.23851440309361494,-0.5459533021281354
-1.6530326149088808,-1.198038275727443,0.509324209938101,-2.575989466278472,0.17485121555970703,-2.322257866074048,-1.5101758558483238,0.5796781222071479
-1.3240466119960128,-0.5851047146006891,0.4954575745300444,-0.533163796315415,0.9807833835518587,0.1610628858310538,0.9234180878458742,1.129986818548842
-1.123794262396876,-0.017019950629551348,1.1887893449328732,-2.315494917759693,1.064155676792426,-3.1130359826024887,-1.3935965052521946,0.9924096444634184
-2.268093402963373,-2.663098982810904,-0.7248063413789342,-2.013869651053738,-0.42265021933102603,-0.421615726347797,-0.03836155457219202,0.7797903754223093
-0.8806306950264954,-0.3758103278744805,0.606390657794497,-1.2598064842888514,0.5361311529354992,-1.184647242296292,-0.5192513757812252,0.6547202171628334
0.6641731447382752,0.8201575962752833,0.30132467881725233,1.0298034947972596,0.7584572682436789,0.7576147982998772,0.9525629254949066,0.4921290114255147
0.5068320129103818,0.9248047896383876,0.41225776208170495,1.0983546917758855,1.0780510589991874,1.187687107289029,1.652039029071682,0.9298745653336804
0.2922759240541637,1.1789479735202124,1.258122521973156,0.22089937044947183,1.3976448497546956,-0.3799958254778791,0.427955847812325,1.0674517394191039
-0.051013818115785294,-0.0319695496814234,0.051725241472233986,-0.012174699277856822,-0.047474899748472715,0.06394978380124533,-0.08207881104574048,0.04187644169140137
1.007462886908224,-0.12166714399265569,-2.014403434328196,1.0298034947972596,-2.6598067546195847,1.0905740052592205,-0.28609267458896664,-2.4220056760202744
0.5354394914245443,0.9995527848977479,0.9807898138120246,0.2620300886366475,0.49444500631521543,-0.4354890266377696,-0.43181686283412823,-0.13322177987186493
0.6069581877099504,1.1639983744683404,0.9807898138120246,0.6459167917169535,0.8696203258977688,0.022329882931327417,0.26765924074264724,0.22948167908061526
0.5354394914245443,0.2520728323041455,0.3845244912655918,-0.4920330781282394,-0.7561393922932957,-1.4343666475157995,-2.7342590371076807,-1.3714163466406766
-0.051013818115785294,-0.40570952597822457,-0.1285410188325015,-0.39606140235816284,-0.45044098374454855,-0.2967560237380432,-0.6212583075528383,-0.2582919381313408
0.6212619269670315,-0.09176794588891159,-1.0298723203561788,0.9749625372143587,-0.4643363659513098,1.29867350960881,1.2002940455116813,0.09190450499519173
-0.9664531305689826,-1.8558206340098131,-1.0437389557642354,-1.2186757661016758,-1.2841639161502225,-0.421615726347797,-0.7815549146225159,-0.20826387482755046
0.4782245343962194,0.19227443609665731,-0.47520690403391586,0.6870475099041291,-0.4643363659513098,0.7159948974299593,0.20936956544458263,-0.558460317954083
-0.12253251440119134,0.17732483704478527,0.3290579496333655,-0.2726692477966359,0.29990965542055814,-0.31062932402801585,0.07821779602393722,0.3045237740363008
-0.00810260034454167,-0.6000543136525612,-0.15627428964861464,-0.6428457114812167,-0.6449763346392058,-0.4771089275076875,-0.8106997522715482,-0.35834806473892156
-2.010626096335911,-1.2727862709868034,0.25972477259308263,-1.5203010328076305,0.7723526504504401,-0.26900942315809795,0.6611145490045834,1.2925780242861606
0.049112356683783165,0.8351071953271554,1.0917228970764772,-0.24524876900518547,1.1058418234127099,-0.9210545367868119,-0.21323058046638588,0.8923535178558376
-1.395565308281419,-0.555205516496945,0.6618571994267233,-0.5880047538983159,1.1058418234127099,0.11944298496113588,0.9817077631439389,1.2675639926342654
0.2922759240541637,-0.1665159411482718,-0.5445400810741987,0.4402632007810753,-0.3253825438836974,0.49402209279039705,0.3113764972161957,-0.14572879569781252
0.6641731447382752,0.38661922377099395,-0.5306734456661422,1.05722397358871,0.14706045114618457,1.146067206419111,1.287728558458778,0.35455183734009116
0.4782245343962194,-1.0036934880531065,-1.8064039032073471,0.6047860735297779,-1.1730008584961327,0.993460903229412,0.704831805478132,-0.22077089065349806
0.6069581877099504,1.044401582053364,1.3413223344214955,-0.5880047538983159,0.9668880013450974,-2.7523301750632,-2.3116588911967124,0.2795097423844056
-0.8520232165123329,-1.437231860557396,-0.8912059662756131,-0.656555950876942,-0.49212713036483224,0.45240219192047915,0.44252826663684114,0.36705885316603876
1.1934114972502798,0.401568822822866,-1.2794717577011971,1.1394854099630614,-2.395794492691121,0.9657143026494668,-0.694120401675419,-2.9848213881879158
-0.7518970417127645,-0.017019950629551348,0.7589236472831193,-0.7113969084598428,1.0224695301721423,-0.6990817321472497,0.16565230897103417,1.0799587552450516
0.449617055882057,-0.4505583231338407,-0.6554731643386513,-0.2726692477966359,-1.9233514976612394,-0.4771089275076875,-2.1513622841270346,-1.996767137938056
-0.49442973508530275,-0.5851047146006891,0.3429245850414221,-1.7259546237435088,-0.478231748158071,-2.183524863174322,-2.384520985319293,-0.38336209639081675
0.22075722776875767,-0.8242982994306419,-1.6954708199428945,0.5225246371554266,-1.0757331830488042,0.9795876029394394,0.6902593866536157,-0.2958129856091836
0.19214974925459524,0.9995527848977479,0.9807898138120246,0.7007577492998543,1.5365986718223081,0.5772618945302329,1.4771700031774881,1.217535929330475
-1.0808830446256323,-0.39075992692635253,0.5231908453461576,-1.5888522297862566,0.5917126817625441,-1.5453530498355805,-0.5338237946057414,0.6171991696849906
-2.1250560103925604,-1.3026854690905474,0.1626583247366866,-1.547721511599081,0.6056080639693053,-0.35224922489793375,0.4571006854613573,0.942381581159628
-0.00810260034454167,0.07267764368168093,-0.21174083128084095,0.5773655947383275,0.36938656645436435,0.8963478011996036,1.2440113019852297,0.7422693279444665
0.5354394914245443,-0.5851047146006891,-1.5568044658623288,0.33058128561527356,-2.2290499062099864,0.4662754922104518,-0.7524100769734836,-1.8591899638526326
-0.23696242845784102,-1.0634918842605947,-0.405873726993633,-1.108993850935874,-1.131314711875849,-0.9210545367868119,-1.5976103687954206,-0.6960374920395066
0.8215142765661685,1.2387463697277006,0.9253232721797983,0.7281782280913048,0.9113064725180525,0.05007648351127269,0.2822316595671634,0.2795097423844056
0.449617055882057,0.08762724273355298,-0.3920070915855764,0.5636553553426022,-0.4365456015377873,0.5217686933703424,0.16565230897103417,-0.42088314386865955
-1.2811353942247692,-0.555205516496945,0.25972477259308263,-0.6428457114812167,0.827934179277485,0.2026827867009717,0.9234180878458742,1.0174236761153135
0.649869405481194,-0.06186874778516749,-1.0160056849481223,0.9749625372143587,-0.4643363659513098,1.2848002093188373,1.1711492078626489,0.05438345751734896
0.07771983519794558,0.9248047896383876,0.9530565429959114,0.8104396644656561,1.5782848184425917,0.9379677020695214,1.7103287043697466,1.405141166719689
0.6069581877099504,1.059351181105236,1.3413223344214955,-0.5880047538983159,0.9807833835518587,-2.7523301750632,-2.297086472372196,0.2920167582103532
-2.8831541910178644,-1.2279374738311872,0.8837233659556285,-2.959876169358778,1.0363649123789036,-1.989298659114705,-0.1403684863438051,1.2925780242861606
0.9788554083940617,0.3268208275635057,-1.0021390495400657,1.1120649311716109,-1.2146870051164165,1.0628274046792752,0.2822316595671634,-1.2463461883812006
-0.5659484313707088,-0.9139958937418742,-0.5168068102580856,-0.6839764296683923,-0.5477086591918772,-0.1441497205483442,-0.15494090516832126,0.05438345751734896
0.14923853148335162,-1.526929454868628,-2.666135298506855,0.3854222431981744,-1.9650376442815232,1.0905740052592205,0.5882524548820027,-0.43339015969460715
1.4651825431348229,1.3732927611945491,0.13492505392057344,1.5233721130433673,-0.8673024499473856,0.9657143026494668,-0.19865816164186972,-2.0342881854158987
-0.8806306950264954,-1.497030256764884,-0.8634726954595,-0.42348188114961327,-0.24201025064313,0.6188817954001508,0.8797008313723258,0.6922412646406761
0.4353133166249758,1.059351181105236,1.1333228033006468,-0.13556685383938377,1.0780510589991874,-0.9626744376567298,-0.12579606751928896,0.7047482804666237
-0.58025217062779,0.057728044629808885,0.4261243974897615,0.04266625830504404,1.0085741479653811,0.5633885942402602,1.2002940455116813,1.092465771070999
1.1791077579931986,1.328443964038933,0.6757238348347798,1.3314287615032143,0.5639219173490216,0.840854600039713,0.3988110101632927,-0.283305969783236
0.5640469699387067,-0.18146554020014388,-1.0437389557642354,0.48139391896825096,-1.47869926704488,0.4801487925004244,-0.25694783693993434,-1.208825140903358
-1.338350351253094,-2.334207803669719,-1.321071663925367,-1.1364143297273244,-1.006256272014998,0.07782308409121796,0.06364537719942107,0.35455183734009116
-2.2108784459350477,-1.3475342662461636,0.41225776208170495,-1.4380395964332793,0.8001434148639626,-0.36612252518790644,0.5882524548820027,1.1424938343747895
-1.2382241764535256,-0.5103567193413289,0.6341239286106102,-1.49288055401618,0.7584572682436789,-1.4482399478057721,-0.49010653813219285,1.0674517394191039
0.8215142765661685,0.9696535867940038,0.4815909391219878,0.9475420584229083,0.022002011285333457,0.4801487925004244,-0.16951332399283742,-0.9336707927325109
-0.780504520226927,0.027828846526064793,0.5370574807542141,-0.06701565686075768,1.119737205619471,0.41078229105056124,1.2294388831607135,1.1424938343747895
-0.0653175573728665,0.04277844557793684,-0.14240765424055807,0.49510415836397614,0.4805496241084542,0.8686012006196583,1.2440113019852297,0.7172552962925713
-2.024929835592992,-1.2279374738311872,0.17652496014474317,-1.5614317509948061,0.6195034461760666,-0.3383759246079611,0.4862455231103896,1.0299306919412612
0.14923853148335162,0.7155104029121789,1.2026559803409298,-1.108993850935874,0.7723526504504401,-2.6552170730333917,-1.8890587452857437,0.32953780568819596
-1.538602700852231,-2.872393369537112,-1.6677375491267814,-0.9444709781871715,-0.770034774500057,0.6050084951101782,0.7776938996007127,0.7547763437704141
-0.5516446921136275,-0.9289454927937463,-0.5168068102580856,-0.6428457114812167,-0.5477086591918772,-0.11640311996839896,-0.15494090516832126,0.05438345751734896
0.2922759240541637,-0.8242982994306419,-1.9589368926959694,0.5225246371554266,-1.2563731517367,0.8963478011996036,0.7631214807761966,-0.22077089065349806
0.3351871418254073,0.9696535867940038,1.063989626260364,-0.24524876900518547,1.0224695301721423,-0.9210545367868119,-0.08207881104574048,0.7422693279444665
0.5211357521674631,0.7155104029121789,0.8143901889153456,-0.012174699277856822,-0.06137028195523395,-0.8378147350469761,-1.5101758558483238,-0.7585725711692445
0.8644254943374121,1.6124863460245018,1.230389251157043,1.194326367545962,1.4949125252020243,0.646628395980096,1.1711492078626489,0.8298184387260997
-0.723289563198602,0.23712323325227347,1.0778562616684206,-0.7251071478555681,1.1614233522397548,-0.7545749333071402,0.2822316595671634,1.1049727868969468
0.5497432306816254,0.2819720304078896,-0.43360699780974615,0.7693089462784805,-0.4643363659513098,0.7576147982998772,0.35509375368974416,-0.4834182229983975
0.9073367121086557,1.2237967706758286,0.6757238348347798,1.125775170567336,0.5083403885219767,0.688248296850014,0.38423859133877647,-0.3333340330870264
-0.8091119987410893,0.13247603988916912,0.9946564492200811,-0.6976866690641176,1.1475279700329934,-0.6852084318572771,0.38423859133877647,1.1550008502007372
0.8501217550803308,-0.046919148733295446,-0.9744057787239526,0.7693089462784805,-1.3397454449772677,0.8963478011996036,-0.25694783693993434,-1.3088812675109385
0.649869405481194,1.1490487754164684,0.8559900951395154,0.7007577492998543,0.8835157081045301,0.0916963843811906,0.2822316595671634,0.19196063160277246
-0.8377194772552518,-0.046919148733295446,0.8421234597314587,-0.6839764296683923,1.1058418234127099,-0.6019686301174413,0.3113764972161957,1.1800148818526321
-0.5659484313707088,-0.9289454927937463,-0.5168068102580856,-0.656555950876942,-0.5477086591918772,-0.13027642025837158,-0.15494090516832126,0.05438345751734896
-0.30848112474324707,0.49126641713409824,0.8005235535072891,-0.10814637504793333,1.175318734446516,-0.19964292170823478,0.704831805478132,1.0424377077672087
0.5640469699387067,-0.1665159411482718,-1.0576055911722921,0.48139391896825096,-1.47869926704488,0.4801487925004244,-0.2423754181154182,-1.208825140903358
-0.8663269557694142,-0.3758103278744805,0.606390657794497,-1.2598064842888514,0.5361311529354992,-1.1707739420063195,-0.5338237946057414,0.6422132013368858
-1.2668316549676881,-0.6150039127044332,0.4261243974897615,-0.47832283873251413,0.9252018547248138,0.2026827867009717,0.9088456690213581,1.0674517394191039
0.5497432306816254,0.700560803860307,0.8005235535072891,0.0015355401178683943,-0.07526566416199519,-0.8239414347570034,-1.5247482746728398,-0.7710795869951921
-0.7518970417127645,-0.017019950629551348,0.5647907515703273,-0.7799481054384689,0.8140387970707238,-0.7684482335971129,0.1219350524974857,0.8173114229001521
-0.4229110387998967,-0.6748023089119214,-0.47520690403391586,-0.025884938673582037,0.09147892231913964,0.5633885942402602,0.8651284125478096,0.5046360272514623
-0.58025217062779,-2.408955798929079,-2.3472026841215534,-0.47832283873251413,-1.8816653510409558,0.5911351948202055,0.07821779602393722,-0.1707428273497077
0.5783507091957879,1.074300780157108,1.3690556052376086,-0.6154252326897663,0.9946787657586199,-2.780076775643145,-2.28251405354768,0.3045237740363008
0.42100957736789457,0.8201575962752833,0.7311903764670061,0.28945056742809794,0.41107271307464804,-0.3383759246079611,-0.4755341193076767,-0.20826387482755046
0.37809835959665095,-0.9289454927937463,-1.9450702572879128,0.5910758341340526,-1.2007916229096551,0.9102211014895761,0.7339766431271643,-0.22077089065349806
0.2636684455400013,-1.7511734406467088,-2.985067912892156,0.39913248259389966,-2.2846314350370314,1.1321939061291384,0.4862455231103896,0.8423254545520472
-1.1094905231397947,-0.4505583231338407,0.6202572932025535,-1.5888522297862566,0.647294210589589,-1.4759865483857173,-0.43181686283412823,0.6922412646406761
0.7356918410236812,0.7603592000677951,0.5925240223864404,0.549945115946877,-0.33927792609045865,-0.03316331822856313,-1.2332998981825167,-1.5590215840298904
-2.010626096335911,-1.2279374738311872,0.17652496014474317,-1.5614317509948061,0.6056080639693053,-0.3383759246079611,0.4862455231103896,1.0299306919412612
1.1648040187361175,1.328443964038933,0.6757238348347798,1.3040082827117638,0.5639219173490216,0.8269812997497403,0.3988110101632927,-0.2707989539572884
0.22075722776875767,0.9098551905865155,1.0085230846281377,-0.149277093235109,1.0224695301721423,-1.0181676388166203,-0.19865816164186972,0.6297061855109382
-0.923541912797739,-1.0784414833124667,-0.0037413001599923153,-1.7945058207221347,-0.5199178947783547,-1.600846250995471,-1.5101758558483238,-0.12071476404591733
-0.9521493913119015,-0.40570952597822457,0.8282568243234022,-2.2058130025938913,0.34159580204084183,-2.821696676513063,-1.9764932582328407,0.41708691646982915
0.5497432306816254,0.8052079972234113,0.869856730547572,-0.053305417465032465,-0.033579517541711484,-0.8933079362068667,-1.3935965052521946,-0.683530476213559
0.7642993195378436,0.8351071953271554,0.8282568243234022,0.01524577951359361,-0.033579517541711484,-0.9210545367868119,-1.4227413429012268,-0.6585164445616638
0.649869405481194,0.8949055915346436,0.6757238348347798,0.39913248259389966,0.35549118424760306,-0.18576962141826214,-0.4172444440096121,-0.20826387482755046
0.6641731447382752,0.730460001964051,0.6757238348347798,0.3442915250109988,-0.24201025064313,-0.3383759246079611,-1.3644516676031622,-1.2713602200330958
0.6927806232524376,-0.5103567193413289,-1.4736046534139893,0.3854222431981744,-2.187363759589703,0.4246555913405339,-0.9127066840431614,-1.846682948026685
-0.3799998210286531,-0.5402559174450731,-0.5861399872983685,0.08379697649221969,-0.033579517541711484,0.7853613988798225,0.9817077631439389,0.4671149797736195
-1.2239204371964445,-0.4954071202894569,0.6479905640186667,-1.49288055401618,0.7584572682436789,-1.4621132480957448,-0.5046789569567091,1.0549447235931564
0.5926544484528691,0.730460001964051,0.25972477259308263,0.9886727766100839,0.6889803572098727,0.8131079994597677,1.0254250196174874,0.4921290114255147
0.1206310529691892,0.012879247474192746,0.1626583247366866,-0.025884938673582037,0.00810662907857222,-0.03316331822856313,-0.03836155457219202,0.04187644169140137
-0.03671007885870409,0.027828846526064793,-0.1285410188325015,0.4676836795725257,0.49444500631521543,0.9102211014895761,1.2440113019852297,0.7297623121185189
-0.9092381735406578,-1.511979855816756,-0.8912059662756131,-0.38235116296243765,-0.18642872181608508,0.688248296850014,0.996280181968455,0.7547763437704141
0.9073367121086557,-0.07681834683703954,-0.9744057787239526,0.8378601432571066,-1.3536408271840288,0.8686012006196583,-0.31523751223799895,-1.296374251684991
0.2636684455400013,1.074300780157108,1.0501229908523073,0.23460960984519705,1.2586910276870833,-0.3383759246079611,0.47167310428587345,0.9173675495077328
0.5783507091957879,0.9098551905865155,0.7450570118750628,0.33058128561527356,0.49444500631521543,-0.3799958254778791,-0.4172444440096121,-0.1582358115237601
-2.268093402963373,-2.663098982810904,-0.7248063413789342,-2.013869651053738,-0.42265021933102603,-0.421615726347797,-0.03836155457219202,0.6922412646406761
-0.8520232165123329,-1.781072638750453,-1.0714722265803487,-1.232386005497401,-1.2841639161502225,-0.4354890266377696,-0.883561846394129,-0.24578492230539326
1.2506264542786047,0.9995527848977479,-0.2533407375050107,1.2765878039203133,-1.47869926704488,0.840854600039713,-0.7086928204999352,-2.884765261580335
-1.3526540905101754,-0.5402559174450731,0.3706578558575352,-0.656555950876942,0.8835157081045301,0.11944298496113588,0.9088456690213581,1.0424377077672087
0.3924020988537322,-0.09176794588891159,-1.1269387682125749,0.8241499038613813,-0.4365456015377873,1.1738138069990562,1.1711492078626489,0.24198869490656286
0.8787292335944933,1.2387463697277006,0.6479905640186667,1.2765878039203133,1.0780510589991874,1.0628274046792752,1.2731561396342619,0.6297061855109382
-0.49442973508530275,-0.6897519079637935,-0.4613402686258593,0.028956018909318825,0.17485121555970703,0.7021215971399867,1.083714694915552,0.7297623121185189
-1.88189244302218,-1.0634918842605947,0.3290579496333655,-1.3831986388503783,0.6750849750031115,-0.4771089275076875,0.427955847812325,1.1049727868969468
-0.7662007809698457,-0.0020703515776793013,0.5925240223864404,0.04266625830504404,1.1336325878262323,0.5078953930803697,1.2440113019852297,1.1550008502007372
-1.538602700852231,-2.872393369537112,-1.681604184534838,-0.9444709781871715,-0.7561393922932957,0.6188817954001508,0.7776938996007127,0.7547763437704141
0.9788554083940617,1.6274359450763738,1.2165226157489863,1.194326367545962,1.5227032896155468,0.5772618945302329,1.1565767890381327,0.8673394862039424
0.106327313712108,0.5959136104972026,0.5370574807542141,0.5225246371554266,0.9529926191383362,0.5772618945302329,1.2002940455116813,0.8173114229001521
-0.8091119987410893,-1.497030256764884,-0.9189392370917263,-0.6291354720854915,-0.5060225125715935,0.4385288916305065,0.44252826663684114,0.267002726558458
0.22075722776875767,0.29692162945976164,0.7589236472831193,-1.0541528933529731,-0.10305642857551765,-2.308384565784076,-2.6613969429851,-0.5084322546502927
-1.4384765260526626,-0.9438950918456183,0.46772430371393126,-2.2195232419896165,0.24432812659351322,-2.1141583617244586,-1.2332998981825167,0.5921851380330955
-1.2525279157106068,-0.555205516496945,0.2181248663689129,-0.6154252326897663,0.8001434148639626,0.21655608699094434,0.9088456690213581,0.9924096444634184
1.007462886908224,1.2536959687795728,0.7727902826911759,1.1394854099630614,0.5639219173490216,0.6743749965600414,0.3988110101632927,-0.1957568590016029
-0.29417738548616584,-0.5851047146006891,-0.26720737291306723,-0.5880047538983159,-0.6866624812594895,-0.4771089275076875,-0.9127066840431614,-0.3208270172610788
0.5497432306816254,0.5959136104972026,0.5370574807542141,-0.012174699277856822,-0.08916104636875642,-0.6019686301174413,-1.14586538523542,-0.5709673337800306
0.993159147651143,0.8650063934308995,0.023991970656120836,0.933831819027183,-0.7005578634662507,0.36916239018064334,-0.7524100769734836,-1.4839794890742048
-0.7662007809698457,0.17732483704478527,1.0362563554442508,-0.7113969084598428,1.1475279700329934,-0.7268283327271949,0.32594891604071186,1.1424938343747895
-0.8949344342835766,-1.511979855816756,-0.8773393308675566,-0.39606140235816284,-0.21421948622960754,0.6605016962700687,0.9525629254949066,0.7297623121185189
-0.8806306950264954,-0.07681834683703954,0.8282568243234022,-0.6839764296683923,1.119737205619471,-0.5880953298274686,0.32594891604071186,1.1925218976785799
0.8072105373090872,0.745409601015923,0.703457105650893,0.0015355401178683943,-0.033579517541711484,-0.9349278370767845,-1.437313761725743,-0.620995397083821
0.4067058381108134,0.16237523799291323,-0.14240765424055807,0.4265529613853501,-0.2003241040228463,0.383035690470616,0.06364537719942107,-0.2582919381313408
-1.3097428727389318,-0.6000543136525612,0.46772430371393126,-0.5194535569196898,0.9668880013450974,0.17493618612102643,0.9234180878458742,1.1174798027228943
0.23506096702583887,-0.9289454927937463,-1.0853388619884052,-0.3549306841709872,-1.8260838222139109,-0.11640311996839896,-1.3790240864276784,-1.421444409944467
-0.9664531305689826,-1.5717782520242443,-0.9189392370917263,-0.6017149932940411,-0.5060225125715935,0.2443026875708896,0.4571006854613573,0.42959393229577675
1.0360703654223866,0.730460001964051,-0.5306734456661422,1.2765878039203133,-0.5060225125715935,1.2015604075790016,0.7339766431271643,-0.7335585395173494
-0.6803783454273584,-0.0020703515776793013,0.5925240223864404,-0.7388173872512932,0.8557249436910075,-0.6990817321472497,0.19479714662006647,0.7922973912482569
-0.5659484313707088,-0.9139958937418742,-0.5168068102580856,-0.6702661902726672,-0.5477086591918772,-0.13027642025837158,-0.15494090516832126,0.05438345751734896
0.37809835959665095,0.6258128086009467,0.5925240223864404,0.0015355401178683943,-0.08916104636875642,-0.8100681344670309,-1.4227413429012268,-0.7585725711692445
-2.983280365817433,-2.3790566008253347,0.051725241472233986,-2.493728029904121,0.34159580204084183,-0.8100681344670309,0.09279021484845339,1.129986818548842
-0.723289563198602,0.012879247474192746,0.5647907515703273,-0.7799481054384689,0.8140387970707238,-0.7684482335971129,0.1219350524974857,0.8048044070742045
0.4782245343962194,0.9098551905865155,0.4399910328978181,1.0709342129844353,1.0919464412059485,1.1738138069990562,1.652039029071682,0.942381581159628
0.00620113891253954,0.13247603988916912,-0.2533407375050107,0.5362348765511518,0.3277004198340806,0.993460903229412,1.258583720809746,0.6547202171628334
-0.46582225657114035,-1.168139077623699,-0.5445400810741987,-1.108993850935874,-1.2007916229096551,-0.8516880353369487,-1.5247482746728398,-0.620995397083821
-0.26556990697200344,-0.24126393640763205,-0.15627428964861464,-0.13556685383938377,0.022002011285333457,0.17493618612102643,0.340521334865228,0.2920167582103532
1.336448889821092,0.46136721903035416,-2.069869975960422,1.5370823524390924,-2.506957550345211,1.4790264133784543,0.4862455231103896,-2.4470197076721694
-0.051013818115785294,-0.40570952597822457,-0.1285410188325015,-0.38235116296243765,-0.45044098374454855,-0.2967560237380432,-0.6212583075528383,-0.2707989539572884
-1.1524017409110383,-0.0319695496814234,1.0501229908523073,-1.424329357037554,1.1475279700329934,-1.4204933472258268,-0.12579606751928896,1.1174798027228943
1.4651825431348229,1.3732927611945491,0.13492505392057344,1.5233721130433673,-0.8673024499473856,0.9518410023594941,-0.19865816164186972,-2.0342881854158987
-1.1380980016539572,0.012879247474192746,1.2026559803409298,-2.315494917759693,1.064155676792426,-3.1407825831824336,-1.3790240864276784,0.9924096444634184
0.20645348851167647,0.8351071953271554,0.9530565429959114,-0.2863794871923611,0.9668880013450974,-0.9488011373667572,-0.09665122987025665,0.6922412646406761
-0.8806306950264954,-0.3758103278744805,0.6202572932025535,-1.2735167236845766,0.5500265351422604,-1.184647242296292,-0.5192513757812252,0.667227232988781
0.9073367121086557,1.2686455678314448,0.9669231784039679,0.74188846748703,0.6611895927963503,-0.1718963211282895,-0.43181686283412823,-0.20826387482755046
-0.6946820846844397,-0.017019950629551348,0.5786573869783839,-0.7388173872512932,0.8557249436910075,-0.6852084318572771,0.19479714662006647,0.8048044070742045
0.14923853148335162,0.7753087991196672,1.327455699013439,-1.1501245691230497,0.9113064725180525,-2.710710274193282,-1.8453414888121953,0.4546079639476719
0.4067058381108134,-1.3176350681424194,-2.472002402794063,0.2757403280323727,-2.6598067546195847,0.7576147982998772,-0.43181686283412823,-1.421444409944467
-0.10822877514411013,0.5361152142897144,1.1887893449328732,-1.232386005497401,0.7862480326572013,-2.6552170730333917,-1.9327760017592923,0.4421009481217243
-2.311004620734616,-1.2279374738311872,0.31519131422530894,-1.5888522297862566,0.7306665038301564,-0.4771089275076875,0.5736800360574865,1.0299306919412612
0.20645348851167647,-0.22631433735576,0.10719178310446029,-0.7936583448341941,-0.9367793609811917,-1.295633644616073,-2.09307260882897,-0.9836988560363011
-2.983280365817433,-2.3491574027215907,0.06559187688029056,-2.507438269299846,0.35549118424760306,-0.8378147350469761,0.1219350524974857,1.1550008502007372
0.3351871418254073,0.6407624076528188,0.6202572932025535,-0.025884938673582037,-0.06137028195523395,-0.8378147350469761,-1.3935965052521946,-0.7460655553432969
-0.5087334743423839,-0.36086072882260845,0.2181248663689129,-0.9444709781871715,0.00810662907857222,-0.8378147350469761,-0.5338237946057414,0.19196063160277246
0.19214974925459524,0.7902583981715392,1.0501229908523073,-0.7251071478555681,0.8696203258977688,-1.989298659114705,-1.0292860346392907,0.4546079639476719
-0.3799998210286531,-0.5701551155488171,-0.3642738207694633,-0.053305417465032465,0.04979277569885592,0.45240219192047915,0.6465421301800673,0.4796219955995671
-1.2239204371964445,-0.4206591250300966,0.35679122044947864,-0.6154252326897663,0.8140387970707238,-0.060909918808508406,0.7485490619516804,1.0424377077672087
0.4782245343962194,0.8799559924827715,0.6479905640186667,0.74188846748703,0.8974110903112913,0.5772618945302329,0.8942732501968419,0.6171991696849906
0.9216404513657369,0.8351071953271554,0.30132467881725233,0.8241499038613813,-0.7005578634662507,0.29979588873078017,-0.9272791028676776,-1.8591899638526326
0.993159147651143,1.2237967706758286,0.3706578558575352,1.4685311554604665,0.9807833835518587,1.3680400110586732,1.5646045161245852,0.667227232988781
0.6069581877099504,0.9098551905865155,0.7173237410589496,0.358001764406724,0.4805496241084542,-0.35224922489793375,-0.43181686283412823,-0.1832498431756553
1.007462886908224,1.1191495773127242,0.2735914080011392,1.3999799584818404,0.5917126817625441,1.2293070081589468,1.185721626687165,0.1669465999508773
0.8215142765661685,1.044401582053364,0.8421234597314587,0.4402632007810753,0.4388634774881705,-0.3245026243179885,-0.46096170048316054,-0.20826387482755046
0.5354394914245443,0.5959136104972026,0.5370574807542141,-0.012174699277856822,-0.10305642857551765,-0.6019686301174413,-1.14586538523542,-0.5709673337800306
-1.5242989615951499,-2.8424941714333682,-1.6538709137187249,-0.9718914569786219,-0.7978255389135794,0.5911351948202055,0.7485490619516804,0.7297623121185189
0.5783507091957879,0.8949055915346436,0.5509241161622707,0.8515703826528317,0.8140387970707238,0.7021215971399867,0.9088456690213581,0.5171430430774099
-0.29417738548616584,-0.5851047146006891,-0.26720737291306723,-0.6017149932940411,-0.6866624812594895,-0.49098222779766015,-0.9272791028676776,-0.3083200014351312
0.3924020988537322,-0.13661674304452773,-1.0576055911722921,0.7555987068827552,-0.45044098374454855,0.9657143026494668,1.0108526007929712,0.10441152082113933
0.8501217550803308,0.9846031858458758,0.3706578558575352,1.194326367545962,0.647294210589589,1.03508080409933,1.0254250196174874,0.2544957107325104
0.8787292335944933,-0.5851047146006891,-2.7493351109551942,1.0023830160058091,-2.6875975190331074,1.2848002093188373,0.2822316595671634,-1.7466268214191043
0.2493647062829201,-0.36086072882260845,-0.47520690403391586,0.01524577951359361,-0.8395116855338631,0.14718958554108116,-0.5338237946057414,-0.620995397083821
0.14923853148335162,0.7155104029121789,1.2026559803409298,-1.108993850935874,0.7723526504504401,-2.6552170730333917,-1.8744863264612277,0.32953780568819596
-0.022406339601622877,0.07267764368168093,-0.19787419587278438,0.549945115946877,0.3971773308678868,0.8824745009096309,1.2440113019852297,0.7547763437704141
-1.88189244302218,-1.0485422852087227,0.31519131422530894,-1.3831986388503783,0.6611895927963503,-0.49098222779766015,0.38423859133877647,1.0799587552450516
-0.33708860325740947,0.5361152142897144,0.7727902826911759,0.31687104621954837,1.3420633209276507,0.49402209279039705,1.3314458149323267,1.2300429451564225
0.049112356683783165,0.38661922377099395,0.31519131422530894,0.673337270508404,0.9807833835518587,0.993460903229412,1.5354596784755528,1.0549447235931564
0.7356918410236812,-0.4954071202894569,-1.4874712888220458,0.4402632007810753,-2.187363759589703,0.5633885942402602,-0.868989427569613,-1.909218027156423
0.5497432306816254,0.9098551905865155,0.7589236472831193,0.31687104621954837,0.5083403885219767,-0.3938691257678517,-0.4026720251850959,-0.14572879569781252
1.0360703654223866,0.9248047896383876,0.03785860606417741,0.9749625372143587,-0.6866624812594895,0.3969089907605886,-0.7232652393244513,-1.5089935207261
-1.3526540905101754,-0.555205516496945,0.3706578558575352,-0.6428457114812167,0.8835157081045301,0.1333162852511085,0.9088456690213581,1.0424377077672087
0.03480861742670196,-0.0319695496814234,0.12105841851251686,-0.03959517806930725,-0.01968413533495025,-0.03316331822856313,-0.052933973396708175,0.05438345751734896
0.7786030587949249,1.5526879498170136,1.258122521973156,0.9749625372143587,1.6060755828561142,0.4246555913405339,1.2294388831607135,1.1174798027228943
-0.8234157379981706,-1.4073326624536517,-0.9189392370917263,-0.6428457114812167,-0.5199178947783547,0.4801487925004244,0.47167310428587345,0.34204482151414356
-0.6660746061702773,0.13247603988916912,0.869856730547572,-0.7113969084598428,1.0085741479653811,-0.7268283327271949,0.26765924074264724,0.942381581159628
-1.195312958682282,-2.2893590065141027,-1.3765382055575932,-1.1364143297273244,-1.0479424186352817,0.11944298496113588,0.019928120725872602,0.3170307898622484
0.3065796633112449,1.0294519830014919,1.2442558865650994,-0.24524876900518547,1.1475279700329934,-1.0042943385266476,-0.15494090516832126,0.8298184387260997
1.0503741046794677,0.9248047896383876,0.051725241472233986,1.0023830160058091,-0.6727670990527282,0.41078229105056124,-0.7086928204999352,-1.5215005365520478
0.49252827365330065,-0.12166714399265569,-0.9882724141320092,0.5362348765511518,-1.4092223560110737,0.5911351948202055,-0.32980993106251516,-1.3714163466406766
1.0932853224507113,1.1639983744683404,0.3429245850414221,1.1531956493587865,-0.07526566416199519,0.6605016962700687,-0.03836155457219202,-0.9211637769065633
0.8787292335944933,-0.6000543136525612,-2.7354684755471377,0.9886727766100839,-2.6875975190331074,1.2709269090288648,0.26765924074264724,-1.7091057739412616
-0.10822877514411013,0.6108632095490747,1.285855792789269,-1.287226963080302,0.8696203258977688,-2.6829636736133367,-1.8890587452857437,0.5171430430774099
0.6212619269670315,0.7603592000677951,0.25972477259308263,0.9886727766100839,0.702875739416634,0.7992346991697951,0.996280181968455,0.4921290114255147
0.6641731447382752,1.044401582053364,0.9946564492200811,0.31687104621954837,0.5639219173490216,-0.44936232692774225,-0.3735271875360636,-0.08319371656807455
-0.6946820846844397,-0.017019950629551348,0.5786573869783839,-0.7388173872512932,0.8557249436910075,-0.6852084318572771,0.20936956544458263,0.8173114229001521
0.9502479298798994,1.1041999782608523,0.6618571994267233,1.0023830160058091,0.1192696867326621,0.4801487925004244,-0.15494090516832126,-0.9211637769065633
0.4353133166249758,0.3716696247191219,0.5509241161622707,-0.39606140235816284,-0.5060225125715935,-1.3233802451960184,-2.340803728845745,-1.1462900617736198
0.6784768839953563,-1.1531894785718269,-3.4288002459499665,1.180616128150237,-1.6871300001462983,1.7148725183079891,1.5791769349491012,0.016862410039506184
0.6212619269670315,0.7155104029121789,0.5509241161622707,0.01524577951359361,0.022002011285333457,-0.8933079362068667,-1.4810310181992914,-0.683530476213559
-1.2382241764535256,-0.5701551155488171,0.20425823096085632,-0.6017149932940411,0.7862480326572013,0.23042938728091697,0.9088456690213581,0.9799026286374708
1.2935376720498484,0.9846031858458758,0.2874580434091958,1.1531956493587865,-0.5477086591918772,0.6050084951101782,-1.0292860346392907,-1.6840917422893664
-0.07962129662994771,0.027828846526064793,-0.1285410188325015,0.48139391896825096,0.49444500631521543,0.8547279003296856,1.2440113019852297,0.7172552962925713
-1.538602700852231,-2.8574437704852405,-1.6677375491267814,-0.9444709781871715,-0.770034774500057,0.6050084951101782,0.7631214807761966,0.7547763437704141
0.5640469699387067,0.29692162945976164,-0.4613402686258593,0.7967294250699308,-0.49212713036483224,0.7714880985898498,0.3696661725142603,-0.5084322546502927
0.2636684455400013,-0.854197497534386,-1.9866701635120825,0.5225246371554266,-1.2285823873231776,0.9379677020695214,0.7776938996007127,-0.1957568590016029
0.34949088108248855,-0.6748023089119214,-1.8618704448395733,0.5773655947383275,-1.3675362093907901,1.03508080409933,0.7776938996007127,-0.24578492230539326
0.6641731447382752,-0.0319695496814234,-0.9744057787239526,0.9749625372143587,-0.478231748158071,1.2709269090288648,1.1274319513891005,0.029369425865453776
0.3065796633112449,-0.15156634209639977,-0.5306734456661422,0.4539734401768005,-0.3253825438836974,0.4662754922104518,0.29680407839167955,-0.14572879569781252
-0.3799998210286531,0.401568822822866,0.897590001363685,-0.10814637504793333,1.2864817921006058,-0.10252981967842631,0.806838737249745,1.217535929330475
0.5926544484528691,0.9098551905865155,0.7311903764670061,0.3442915250109988,0.4805496241084542,-0.36612252518790644,-0.43181686283412823,-0.1707428273497077
0.5497432306816254,0.2520728323041455,-0.41974036240168955,0.7555987068827552,-0.45044098374454855,0.7437414980099045,0.32594891604071186,-0.4709112071724499
0.7642993195378436,-0.12166714399265569,-1.0853388619884052,0.6047860735297779,-1.4648038848381186,0.5633885942402602,-0.25694783693993434,-1.1963181250774102
-0.8520232165123329,-1.5418790539205003,-0.8912059662756131,-0.6702661902726672,-0.45044098374454855,0.383035690470616,0.3988110101632927,0.3170307898622484
0.6927806232524376,0.6557120067046908,-0.01760793556804889,0.9886727766100839,0.2026419799732295,0.9379677020695214,0.6902593866536157,-0.13322177987186493
0.7642993195378436,1.01450238394962,1.1333228033006468,-0.31379996598381155,0.3971773308678868,-2.1696515628843493,-2.6176796865115515,-0.4834182229983975
1.0217666261653053,0.9248047896383876,0.31519131422530894,0.9064113402357326,-0.7283486278797732,0.3136691890207528,-0.8398445899205805,-1.7966548847228947
-2.8831541910178644,-1.2428870728830592,0.8837233659556285,-2.946165929963053,1.0363649123789036,-1.9754253588247324,-0.1403684863438051,1.2925780242861606
0.8644254943374121,1.2237967706758286,0.6618571994267233,1.2354570857331377,1.0919464412059485,1.0212075038093573,1.2731561396342619,0.6422132013368858
-2.983280365817433,-2.364107001773463,0.06559187688029056,-2.507438269299846,0.35549118424760306,-0.8378147350469761,0.1219350524974857,1.1424938343747895
0.6355656662241127,1.1639983744683404,0.8837233659556285,0.673337270508404,0.9113064725180525,0.036203183221300055,0.2822316595671634,0.21697466325466766
-0.46582225657114035,-0.6748023089119214,-0.48907353944197246,0.0015355401178683943,0.07758354011237839,0.5495152939502876,0.8797008313723258,0.5421570747293051
0.07771983519794558,0.8650063934308995,1.1194561678925903,-0.20411805081800982,1.119737205619471,-0.9488011373667572,-0.2423754181154182,0.8673394862039424
0.6355656662241127,0.3268208275635057,-0.32267391454529354,0.7693089462784805,-0.38096407271074234,0.7021215971399867,0.23851440309361494,-0.4959252388243451
1.4222713253635793,1.2835951668833168,0.07945851228834713,1.6193437888134439,-0.6171855702256833,1.2848002093188373,-0.08207881104574048,-2.059302217067794
1.1648040187361175,1.1490487754164684,0.509324209938101,1.125775170567336,-0.06137028195523395,0.5633885942402602,-0.15494090516832126,-0.9211637769065633
-0.923541912797739,-1.0784414833124667,-0.01760793556804889,-1.7945058207221347,-0.5060225125715935,-1.5869729507054984,-1.5101758558483238,-0.12071476404591733
-1.1810092194252009,-0.3459111297707364,0.9530565429959114,-1.5203010328076305,0.7862480326572013,-1.4343666475157995,-0.46096170048316054,0.9799026286374708
0.5497432306816254,0.9696535867940038,0.6757238348347798,0.7693089462784805,0.9807833835518587,0.5217686933703424,0.7631214807761966,0.5546640905552527
0.02050487816962075,-0.0319695496814234,0.12105841851251686,-0.03959517806930725,-0.01968413533495025,-0.03316331822856313,-0.052933973396708175,0.05438345751734896
0.6784768839953563,-1.1382398795199549,-3.4288002459499665,1.180616128150237,-1.6871300001462983,1.7148725183079891,1.5791769349491012,0.04187644169140137
0.2922759240541637,1.1041999782608523,1.063989626260364,0.24831984924092226,1.2586910276870833,-0.3383759246079611,0.47167310428587345,0.9173675495077328
-1.4241727867955813,-0.9588446908974904,0.46772430371393126,-2.2058130025938913,0.230432744386752,-2.1141583617244586,-1.247872317007033,0.5796781222071479
0.7499955802807624,-0.9887438890012344,-3.179200808604948,1.05722397358871,-2.326317581657315,1.4790264133784543,0.9088456690213581,-0.7835866028211397
0.17784600999751404,1.059351181105236,1.3690556052376086,-0.2726692477966359,1.3142725565141282,-0.9765477379467025,-0.052933973396708175,1.0174236761153135
-0.6946820846844397,0.08762724273355298,0.5231908453461576,-0.7113969084598428,1.0085741479653811,-0.7129550324372224,0.2822316595671634,0.9548885969855756
0.5211357521674631,0.2520728323041455,0.3706578558575352,-0.4920330781282394,-0.7839301567068182,-1.4204933472258268,-2.7196866182831645,-1.3714163466406766
0.4782245343962194,-0.13661674304452773,-0.9882724141320092,0.5362348765511518,-1.4092223560110737,0.5772618945302329,-0.3443823498870313,-1.3589093308147289
0.37809835959665095,-0.9289454927937463,-1.9450702572879128,0.5910758341340526,-1.2007916229096551,0.9240944017795488,0.7339766431271643,-0.20826387482755046
0.649869405481194,-0.09176794588891159,-0.9466725079078394,0.6047860735297779,-1.3397454449772677,0.7437414980099045,-0.31523751223799895,-1.2838672358590435
0.49252827365330065,0.11752644083729707,-0.4474736332178027,0.6184963129255031,-0.49212713036483224,0.5911351948202055,0.20936956544458263,-0.4709112071724499
0.6212619269670315,0.8949055915346436,0.509324209938101,0.8927011008400074,0.7862480326572013,0.7437414980099045,0.9234180878458742,0.4796219955995671
1.3221451505640107,1.2387463697277006,0.5231908453461576,1.1531956493587865,-0.8395116855338631,0.29979588873078017,-1.8016242323386469,-2.7471880874949117
-0.9092381735406578,-1.482080657713012,-0.9882724141320092,-0.5742945145025906,-0.5754994236053996,0.3969089907605886,0.4862455231103896,0.5671711063812003
-0.7375933024556833,-0.017019950629551348,0.5647907515703273,-0.7799481054384689,0.8140387970707238,-0.7684482335971129,0.1219350524974857,0.8173114229001521
0.792906798052006,1.2387463697277006,0.6618571994267233,1.2628775645245882,1.0919464412059485,1.0628274046792752,1.3314458149323267,0.6547202171628334
0.2779721847970825,-1.7212742425429648,-2.88800146503576,0.4265529613853501,-2.256840670623509,1.2015604075790016,0.5008179419349057,-0.5959813654319258
0.14923853148335162,0.9098551905865155,0.9807898138120246,0.4265529613853501,1.3281679387208896,0.2026827867009717,0.9379905066703904,1.0424377077672087
0.16354227074043284,0.012879247474192746,0.051725241472233986,-0.012174699277856822,0.00810662907857222,0.036203183221300055,-0.052933973396708175,0.004355394213558593
0.8358180158232497,0.2221736342004014,-0.4474736332178027,0.8789908614442822,-0.478231748158071,0.8131079994597677,0.20936956544458263,-0.5209392704762402
1.1791077579931986,1.1789479735202124,0.4954575745300444,1.1531956493587865,-0.07526566416199519,0.5911351948202055,-0.09665122987025665,-0.9211637769065633
-0.6660746061702773,0.3118712285116337,0.9946564492200811,-0.6702661902726672,1.2170048810667997,-0.7823215338870855,0.26765924074264724,1.0674517394191039
-0.6088596491419525,0.057728044629808885,0.45385766830587465,0.01524577951359361,1.0363649123789036,0.535641993660315,1.2002940455116813,1.1174798027228943
-3.8128972427281433,-1.8857198321135573,0.6618571994267233,-2.1509720450109904,1.3420633209276507,-0.10252981967842631,1.2440113019852297,1.6677884990645884
0.7070843625095188,1.2088471716239566,1.0362563554442508,0.6047860735297779,0.8974110903112913,-0.03316331822856313,0.29680407839167955,0.3045237740363008
-0.051013818115785294,0.10257684178542503,-0.21174083128084095,0.48139391896825096,0.3832819486611256,0.9518410023594941,1.2294388831607135,0.6922412646406761
-0.9092381735406578,-1.511979855816756,-0.8773393308675566,-0.39606140235816284,-0.18642872181608508,0.688248296850014,0.9817077631439389,0.7547763437704141
0.09202357445502679,0.5959136104972026,0.5647907515703273,0.5088143977597014,0.9668880013450974,0.5633885942402602,1.185721626687165,0.8423254545520472
0.7213881017666,0.6258128086009467,0.07945851228834713,0.9475420584229083,0.21653736217999076,0.7714880985898498,0.6465421301800673,-0.04567266909023177
0.37809835959665095,0.9995527848977479,0.9669231784039679,0.48139391896825096,1.2725864098938446,0.17493618612102643,0.7339766431271643,0.8173114229001521
1.1648040187361175,1.1490487754164684,0.509324209938101,1.1394854099630614,-0.06137028195523395,0.5633885942402602,-0.1403684863438051,-0.9211637769065633
0.9216404513657369,0.8351071953271554,0.31519131422530894,0.8241499038613813,-0.6866624812594895,0.29979588873078017,-0.9418515216921937,-1.8591899638526326
0.6927806232524376,-0.12166714399265569,-1.0714722265803487,0.9475420584229083,-0.4643363659513098,1.1183206058391657,1.0545698572665196,0.04187644169140137
0.5640469699387067,0.7902583981715392,0.869856730547572,-0.053305417465032465,-0.033579517541711484,-0.8933079362068667,-1.3935965052521946,-0.683530476213559
0.5640469699387067,0.29692162945976164,-0.4613402686258593,0.7830191856742057,-0.478231748158071,0.7714880985898498,0.3696661725142603,-0.5084322546502927
1.3078414113069294,1.5676375488688856,1.2719891573812125,0.8104396644656561,0.5639219173490216,-1.0181676388166203,-2.28251405354768,-1.0337269193400915
-1.195312958682282,-2.2893590065141027,-1.3765382055575932,-1.1227040903315992,-1.0479424186352817,0.11944298496113588,0.019928120725872602,0.32953780568819596
-1.3526540905101754,-2.3491574027215907,-1.2656051222931406,-1.2186757661016758,-0.8811978321541468,-0.03316331822856313,-0.009216716923159708,0.35455183734009116
0.4639207951391382,1.1938975725720844,1.1194561678925903,0.28945056742809794,1.2725864098938446,-0.3799958254778791,0.5008179419349057,0.87984650202989
-0.780504520226927,0.027828846526064793,0.5370574807542141,-0.053305417465032465,1.1058418234127099,0.41078229105056124,1.2294388831607135,1.1424938343747895
0.9502479298798994,0.8500567943790274,0.051725241472233986,0.9475420584229083,-0.7144532456730119,0.4662754922104518,-0.7232652393244513,-1.909218027156423
-0.49442973508530275,-0.3010623326151203,0.051725241472233986,-0.39606140235816284,0.18874659776646827,-0.005416717648617856,0.4571006854613573,0.4421009481217243
-0.58025217062779,-0.9139958937418742,-0.5168068102580856,-0.6839764296683923,-0.5477086591918772,-0.1441497205483442,-0.15494090516832126,0.05438345751734896
-1.4241727867955813,-0.8392478984825139,0.6618571994267233,-2.2469437207810667,0.36938656645436435,-2.141904962304404,-1.160437804059936,0.6422132013368858
1.2506264542786047,0.9995527848977479,-0.2533407375050107,1.2765878039203133,-1.4648038848381186,0.840854600039713,-0.7086928204999352,-2.884765261580335
-0.3943035602857343,-0.6598527098600494,-0.48907353944197246,0.0015355401178683943,0.06368815790561716,0.5772618945302329,0.8797008313723258,0.4921290114255147
-0.4086072995428155,0.14742563894104116,0.6618571994267233,-0.4920330781282394,0.7445618860369176,-0.574222029537496,0.04907295837490491,0.7047482804666237
-1.2382241764535256,-0.3758103278744805,1.0501229908523073,-1.5888522297862566,0.9252018547248138,-1.4204933472258268,-0.43181686283412823,1.0799587552450516
0.5354394914245443,-0.22631433735576,-1.0298723203561788,0.4676836795725257,-1.4648038848381186,0.45240219192047915,-0.2715202557644505,-1.1838111092514627
-1.123794262396876,-0.39075992692635253,0.5509241161622707,-1.5614317509948061,0.702875739416634,-1.5592263501255532,-0.5192513757812252,0.87984650202989
-0.03671007885870409,-0.43560872408196866,-0.0037413001599923153,-0.8896300206042707,-1.0201516542217592,-1.1985205425862646,-2.0639277711799378,-1.021219903514144
-1.0951867838827136,-0.39075992692635253,0.509324209938101,-1.5888522297862566,0.6056080639693053,-1.5314797495456078,-0.5338237946057414,0.6297061855109382
-2.5541681881049967,-2.872393369537112,-0.8218727892353302,-1.5614317509948061,0.00810662907857222,0.29979588873078017,0.8505559937232935,1.1424938343747895
0.3637946203395698,0.9846031858458758,0.9669231784039679,0.4676836795725257,1.2864817921006058,0.17493618612102643,0.7485490619516804,0.8548324703779948
0.5640469699387067,1.343393563090805,1.2165226157489863,0.6459167917169535,1.4810171429952632,0.022329882931327417,0.719404224302648,0.9048605336817852
1.007462886908224,0.6856112048084348,-0.5168068102580856,1.2354570857331377,-0.5060225125715935,1.1599405067090836,0.6902593866536157,-0.7085445078654542
0.13493479222627042,-0.9737942899493623,-1.1685386744367445,-0.3549306841709872,-1.8677699688341944,-0.11640311996839896,-1.349879248778646,-1.3714163466406766
0.2922759240541637,-0.2562135354595041,-0.5861399872983685,-0.025884938673582037,-0.9645701253947142,0.05007648351127269,-0.7524100769734836,-0.7835866028211397
0.03480861742670196,-0.6000543136525612,-0.19787419587278438,-0.9581812175828966,-1.2563731517367,-1.337253545485991,-2.4282382417928416,-1.233839172555253
-0.4229110387998967,-0.5851047146006891,-0.5861399872983685,0.0975072158879449,0.00810662907857222,0.7159948974299593,0.996280181968455,0.667227232988781
0.42100957736789457,-0.12166714399265569,-1.0298723203561788,0.7555987068827552,-0.4643363659513098,0.9379677020695214,0.9671353443194227,0.05438345751734896
-0.3943035602857343,-1.1531894785718269,-0.6832064351547645,-1.0815733721444236,-1.311954680563745,-0.8239414347570034,-1.5247482746728398,-0.7085445078654542
-0.6946820846844397,-1.2877358700386754,-0.7109397059708776,-0.5605842751068655,-0.4643363659513098,0.21655608699094434,0.23851440309361494,0.3170307898622484
0.42100957736789457,-0.06186874778516749,-1.0714722265803487,0.8241499038613813,-0.4643363659513098,1.1321939061291384,1.1274319513891005,0.20446764742872006
0.049112356683783165,-1.5418790539205003,-2.638402027690742,0.31687104621954837,-1.9372468798680007,0.993460903229412,0.529962779583938,-0.45840419134650234
0.7070843625095188,-0.12166714399265569,-1.0437389557642354,1.0023830160058091,-0.4365456015377873,1.2848002093188373,1.1565767890381327,0.09190450499519173
-0.9092381735406578,-0.36086072882260845,0.6479905640186667,-1.2735167236845766,0.6056080639693053,-1.2123938428762373,-0.49010653813219285,0.7047482804666237
-3.827200981985224,-1.8707702330616853,0.6757238348347798,-2.1646822844067155,1.3420633209276507,-0.10252981967842631,1.2731561396342619,1.6802955148905359
0.13493479222627042,-1.183088676675571,-1.321071663925367,-0.4920330781282394,-2.187363759589703,-0.22738952228818005,-1.626755206444453,-1.571528599855838
1.3221451505640107,1.01450238394962,0.25972477259308263,1.1669058887545116,-0.5754994236053996,0.6188817954001508,-0.9855687781657422,-1.696598758115314
-3.827200981985224,-1.8707702330616853,0.6757238348347798,-2.1372618056152652,1.3420633209276507,-0.11640311996839896,1.2731561396342619,1.6802955148905359
-0.6517708669131961,0.29692162945976164,0.9946564492200811,-0.6702661902726672,1.2170048810667997,-0.7823215338870855,0.26765924074264724,1.0674517394191039
0.8072105373090872,0.8949055915346436,0.3290579496333655,0.9612522978186334,-0.06137028195523395,0.5495152939502876,-0.16951332399283742,-0.9962058718622487
0.8930329728515745,0.8201575962752833,0.35679122044947864,0.7967294250699308,-0.6449763346392058,0.2720492881508349,-0.970996359341226,-1.846682948026685
0.6069581877099504,-0.12166714399265569,-0.7525396121950474,0.5636553553426022,-1.0618378008420428,0.5633885942402602,-0.2715202557644505,-0.9836988560363011
-0.051013818115785294,-0.40570952597822457,-0.1285410188325015,-0.39606140235816284,-0.4365456015377873,-0.2967560237380432,-0.6212583075528383,-0.2707989539572884
0.13493479222627042,-0.9737942899493623,-1.1685386744367445,-0.3549306841709872,-1.8677699688341944,-0.11640311996839896,-1.349879248778646,-1.3714163466406766
-0.13683625365827254,-0.48045752123758484,-0.2949406437291804,-0.533163796315415,-0.6310809524324446,-0.3938691257678517,-0.9127066840431614,-0.345841048912974
0.6784768839953563,0.38661922377099395,-0.5029401748500291,1.05722397358871,0.14706045114618457,1.1183206058391657,1.2440113019852297,0.32953780568819596
-1.123794262396876,-0.3758103278744805,0.5509241161622707,-1.5614317509948061,0.702875739416634,-1.5592263501255532,-0.5192513757812252,0.8673394862039424
0.6069581877099504,0.4464176199784821,-0.5722733518903119,1.05722397358871,0.1192696867326621,1.1738138069990562,1.3168733961078105,0.35455183734009116
-2.1393597496496417,-1.2877358700386754,0.17652496014474317,-1.5614317509948061,0.6195034461760666,-0.36612252518790644,0.47167310428587345,0.9673956128115232
1.2077152365073611,1.1191495773127242,0.46772430371393126,1.2217468463374126,0.09147892231913964,0.7992346991697951,-0.16951332399283742,-0.8711357136027729
-1.123794262396876,-0.0020703515776793013,1.1887893449328732,-2.315494917759693,1.064155676792426,-3.1130359826024887,-1.3935965052521946,0.9924096444634184
0.9216404513657369,1.1938975725720844,0.9530565429959114,0.5088143977597014,0.41107271307464804,-0.5880953298274686,-1.14586538523542,-0.558460317954083
0.8072105373090872,0.745409601015923,0.6895904702428365,0.0015355401178683943,-0.033579517541711484,-0.9349278370767845,-1.437313761725743,-0.6084883812578734
-0.8520232165123329,-1.437231860557396,-0.8912059662756131,-0.6702661902726672,-0.49212713036483224,0.45240219192047915,0.44252826663684114,0.36705885316603876
0.7642993195378436,0.8351071953271554,0.8143901889153456,0.0015355401178683943,-0.047474899748472715,-0.9071812364968392,-1.437313761725743,-0.6585164445616638
0.3637946203395698,-0.19641513925201592,-1.0576055911722921,0.74188846748703,-0.42265021933102603,1.0767007049692479,0.9525629254949066,-0.02065863743833659
0.00620113891253954,0.08762724273355298,-0.22560746668889753,0.5773655947383275,0.35549118424760306,0.8963478011996036,1.258583720809746,0.7297623121185189
1.0503741046794677,0.730460001964051,-0.5306734456661422,1.2765878039203133,-0.5060225125715935,1.2015604075790016,0.7339766431271643,-0.7335585395173494
0.5354394914245443,-0.7794495022750257,-1.7925372677992906,0.7830191856742057,-1.2841639161502225,1.3680400110586732,0.8942732501968419,-0.283305969783236
0.7786030587949249,1.2835951668833168,0.9253232721797983,0.9064113402357326,1.0363649123789036,0.45240219192047915,0.6611145490045834,0.4796219955995671
0.5497432306816254,1.343393563090805,1.2165226157489863,0.6459167917169535,1.4671217607885019,0.022329882931327417,0.704831805478132,0.9048605336817852
0.6784768839953563,-1.1531894785718269,-3.4288002459499665,1.180616128150237,-1.6871300001462983,1.7148725183079891,1.5791769349491012,-0.008151621612388998
-0.0653175573728665,0.730460001964051,1.230389251157043,-0.7113969084598428,1.0919464412059485,-1.9338054579548143,-1.160437804059936,0.7547763437704141
1.007462886908224,1.3882423602464211,0.703457105650893,1.3040082827117638,0.7723526504504401,0.8686012006196583,0.7776938996007127,0.06689047334329655
0.5640469699387067,-0.18146554020014388,-1.0437389557642354,0.49510415836397614,-1.47869926704488,0.4801487925004244,-0.25694783693993434,-1.208825140903358
0.7070843625095188,1.2088471716239566,1.0362563554442508,0.6047860735297779,0.9113064725180525,-0.03316331822856313,0.3113764972161957,0.3170307898622484
0.5926544484528691,0.8949055915346436,0.5370574807542141,0.8789908614442822,0.8001434148639626,0.7159948974299593,0.9088456690213581,0.5046360272514623
1.2649301935356858,0.8949055915346436,0.06559187688029056,0.9064113402357326,-1.2980592983569839,0.23042938728091697,-1.5684655311463884,-2.472033739324065
0.8358180158232497,1.044401582053364,0.8421234597314587,0.4539734401768005,0.4388634774881705,-0.31062932402801585,-0.4755341193076767,-0.20826387482755046
0.5354394914245443,0.9248047896383876,0.41225776208170495,1.1120649311716109,1.064155676792426,1.2015604075790016,1.652039029071682,0.9173675495077328
-0.7375933024556833,-0.0020703515776793013,0.7589236472831193,-0.6976866690641176,1.0224695301721423,-0.6990817321472497,0.16565230897103417,1.0674517394191039
-0.8949344342835766,-1.452181459609268,-0.9882724141320092,-0.5605842751068655,-0.5893948058121609,0.41078229105056124,0.5153903607594219,0.5546640905552527
0.7786030587949249,0.6557120067046908,0.03785860606417741,1.0023830160058091,0.18874659776646827,0.8269812997497403,0.6902593866536157,-0.08319371656807455
0.7499955802807624,1.2088471716239566,0.6618571994267233,0.9749625372143587,0.7584572682436789,0.6327550956901234,0.7339766431271643,0.22948167908061526
-0.00810260034454167,-0.6000543136525612,-0.17014092505667122,-0.6428457114812167,-0.6449763346392058,-0.49098222779766015,-0.8106997522715482,-0.35834806473892156
0.07771983519794558,0.9098551905865155,1.4661220530940047,-0.7388173872512932,1.1614233522397548,-1.836692355925006,-1.160437804059936,0.8673394862039424
0.7642993195378436,-0.9887438890012344,-3.2069340794210612,1.0709342129844353,-2.326317581657315,1.492899713668427,0.9379905066703904,-0.7835866028211397
-0.780504520226927,0.027828846526064793,0.7173237410589496,-0.0807258962564829,1.2864817921006058,0.4246555913405339,1.287728558458778,1.3801271350677937
0.42100957736789457,0.07267764368168093,-0.3642738207694633,0.5225246371554266,-0.4087548371242648,0.4801487925004244,0.15107989014651801,-0.39586911221676435
0.00620113891253954,0.5660144123934585,1.0917228970764772,-1.1638348085187749,0.6889803572098727,-2.6829636736133367,-1.918203582934776,0.2920167582103532
-1.3526540905101754,-2.334207803669719,-1.251738486885084,-1.2186757661016758,-0.895093214360908,-0.03316331822856313,-0.03836155457219202,0.35455183734009116
0.8644254943374121,-0.6000543136525612,-2.721601840139081,0.9749625372143587,-2.6737021368263463,1.2570536087388922,0.26765924074264724,-1.721612789767209
0.649869405481194,0.6258128086009467,-0.0037413001599923153,0.9612522978186334,0.21653736217999076,0.8963478011996036,0.6611145490045834,-0.10820774821996973
0.5926544484528691,0.9995527848977479,0.4399910328978181,1.2080366069416872,1.1058418234127099,1.2293070081589468,1.7103287043697466,1.004916660289366
-0.6946820846844397,-1.2727862709868034,-0.6970730705628211,-0.5742945145025906,-0.478231748158071,0.18880948641099907,0.20936956544458263,0.2920167582103532
-0.9807568698260638,-1.8707702330616853,-1.0437389557642354,-1.2186757661016758,-1.2841639161502225,-0.421615726347797,-0.7815549146225159,-0.20826387482755046
1.1791077579931986,1.059351181105236,0.6757238348347798,0.6870475099041291,-0.6032901880189221,-0.4771089275076875,-2.3553761476702606,-2.159358343675375
0.792906798052006,0.35672002566724986,-0.5306734456661422,0.9064113402357326,-0.5754994236053996,0.7714880985898498,0.32594891604071186,-0.5834743496059782
0.8215142765661685,0.20722403514852936,-0.4474736332178027,0.8652806220485569,-0.4643363659513098,0.7992346991697951,0.19479714662006647,-0.5084322546502927
0.09202357445502679,-0.8242982994306419,-1.0853388619884052,0.07008673709649448,-1.0618378008420428,0.3969089907605886,-0.09665122987025665,-0.45840419134650234
0.07771983519794558,0.5959136104972026,0.5647907515703273,0.49510415836397614,0.9807833835518587,0.5495152939502876,1.185721626687165,0.8548324703779948
1.3221451505640107,1.01450238394962,0.25972477259308263,1.125775170567336,-0.7144532456730119,0.5217686933703424,-0.9564239405167099,-1.721612789767209
0.1206310529691892,0.5959136104972026,0.5370574807542141,0.5225246371554266,0.939097236931575,0.5772618945302329,1.2002940455116813,0.8173114229001521
0.7070843625095188,0.745409601015923,0.6479905640186667,0.01524577951359361,0.03589739349209469,-0.9210545367868119,-1.437313761725743,-0.6585164445616638
0.5783507091957879,0.3118712285116337,-0.47520690403391586,0.7967294250699308,-0.49212713036483224,0.7853613988798225,0.38423859133877647,-0.5084322546502927
-1.5815139186234746,-2.8125949733296243,-1.6261376429026115,-0.39606140235816284,-0.08916104636875642,1.146067206419111,1.550032097300069,1.217535929330475
1.1934114972502798,1.1191495773127242,0.46772430371393126,1.2217468463374126,0.10537430452590087,0.7853613988798225,-0.18408574281735357,-0.8586286977768253
-1.3097428727389318,-0.6000543136525612,0.4815909391219878,-0.5194535569196898,0.9668880013450974,0.17493618612102643,0.9234180878458742,1.1174798027228943
0.1206310529691892,-0.8093487003787698,-1.0853388619884052,0.0975072158879449,-1.0757331830488042,0.3969089907605886,-0.12579606751928896,-0.4834182229983975
-1.123794262396876,-0.0020703515776793013,1.1887893449328732,-2.315494917759693,1.064155676792426,-3.1269092828924614,-1.3790240864276784,0.9924096444634184
1.3650563683352543,1.044401582053364,0.23199150177696948,1.1394854099630614,-0.7422440100865345,0.5495152939502876,-0.9272791028676776,-1.7341198055931568
-0.9378456520548202,-1.6465262472836044,-0.9050726016836697,-0.6291354720854915,-0.4365456015377873,0.21655608699094434,0.44252826663684114,0.39207288481793395
0.2922759240541637,-0.27116313451137614,-0.5861399872983685,-0.012174699277856822,-0.9784655076014754,0.05007648351127269,-0.7378376581489675,-0.7835866028211397
1.007462886908224,1.3732927611945491,0.703457105650893,1.3040082827117638,0.7723526504504401,0.8686012006196583,0.7776938996007127,0.06689047334329655
0.8358180158232497,-0.046919148733295446,-0.9744057787239526,0.7693089462784805,-1.3258500627705063,0.8963478011996036,-0.25694783693993434,-1.3088812675109385
0.9359441906228181,-0.06186874778516749,-1.0021390495400657,0.8515703826528317,-1.3675362093907901,0.8824745009096309,-0.3006650934134828,-1.3088812675109385
1.0932853224507113,1.1639983744683404,0.3290579496333655,1.1531956493587865,-0.08916104636875642,0.646628395980096,-0.052933973396708175,-0.9086567610806157
0.9788554083940617,0.8650063934308995,0.23199150177696948,0.8652806220485569,-0.7839301567068182,0.34141578960069807,-0.883561846394129,-1.8967110113304755
0.3637946203395698,-1.3774334643499078,-2.4581357673860063,0.2620300886366475,-2.5903298435857787,0.7714880985898498,-0.3735271875360636,-1.4714724732482574
-2.7544205377041338,-1.8707702330616853,0.23199150177696948,-2.2469437207810667,0.5500265351422604,-0.8516880353369487,0.3113764972161957,1.1550008502007372
-0.6660746061702773,0.11752644083729707,0.869856730547572,-0.7113969084598428,1.0085741479653811,-0.7129550324372224,0.26765924074264724,0.942381581159628
0.8072105373090872,1.1490487754164684,0.35679122044947864,1.37255947969039,1.0363649123789036,1.3125468098987827,1.6666114478961982,0.8423254545520472
0.8215142765661685,0.46136721903035416,-0.47520690403391586,1.1669058887545116,0.1609558333529458,1.2570536087388922,1.2731561396342619,0.32953780568819596
-0.15113999291535377,-0.48045752123758484,-0.28107400832112384,-0.533163796315415,-0.6310809524324446,-0.3938691257678517,-0.9127066840431614,-0.345841048912974
-0.780504520226927,0.027828846526064793,0.869856730547572,-0.6839764296683923,1.1058418234127099,-0.6297152306973866,0.2822316595671634,1.129986818548842
0.4067058381108134,-0.13661674304452773,-1.0576055911722921,0.7693089462784805,-0.45044098374454855,0.9518410023594941,1.0108526007929712,0.09190450499519173
1.0217666261653053,1.3882423602464211,0.703457105650893,1.317718522107489,0.7723526504504401,0.8686012006196583,0.7776938996007127,0.06689047334329655
0.3924020988537322,0.5062160161859703,0.3706578558575352,0.4265529613853501,0.5083403885219767,0.34141578960069807,0.47167310428587345,0.3045237740363008
0.37809835959665095,-0.12166714399265569,-1.1130721328045183,0.8241499038613813,-0.4087548371242648,1.104447305549193,1.185721626687165,0.24198869490656286
-0.8234157379981706,-1.810971836854197,-1.0160056849481223,-1.2735167236845766,-1.2702685339434614,-0.4632356272177149,-0.9418515216921937,-0.37085508056486916
-0.9092381735406578,-1.0186430871049785,0.12105841851251686,-1.7945058207221347,-0.4087548371242648,-1.684086052735307,-1.4810310181992914,0.004355394213558593
-0.03671007885870409,0.35672002566724986,1.0778562616684206,-1.4380395964332793,0.5917126817625441,-2.946556379122817,-2.369948566494777,0.2544957107325104
0.6927806232524376,0.745409601015923,0.6479905640186667,0.39913248259389966,-0.2698010150566525,-0.2551361228681253,-1.33530682995413,-1.3589093308147289
0.3065796633112449,0.38661922377099395,0.30132467881725233,0.16605841286657097,0.17485121555970703,-0.08865651938845368,-0.3006650934134828,-0.14572879569781252
1.3078414113069294,0.9846031858458758,0.2874580434091958,1.0983546917758855,-0.6866624812594895,0.49402209279039705,-0.9855687781657422,-1.721612789767209
-2.7830280162182963,-1.9305686292691735,0.20425823096085632,-2.2880744389682426,0.5083403885219767,-0.8516880353369487,0.20936956544458263,1.1049727868969468
0.19214974925459524,1.074300780157108,1.3829222406456652,-0.24524876900518547,1.3281679387208896,-0.9765477379467025,-0.052933973396708175,1.0174236761153135
0.5783507091957879,1.1639983744683404,1.0085230846281377,0.6322065523212282,0.8974110903112913,-0.005416717648617856,0.26765924074264724,0.2544957107325104
-0.0653175573728665,-0.017019950629551348,-0.10080774801638834,0.4265529613853501,0.5361311529354992,0.8824745009096309,1.2294388831607135,0.7422693279444665
0.8215142765661685,1.044401582053364,0.8421234597314587,0.4402632007810753,0.4388634774881705,-0.31062932402801585,-0.46096170048316054,-0.20826387482755046
0.7786030587949249,1.2835951668833168,0.9253232721797983,0.9064113402357326,1.0363649123789036,0.4385288916305065,0.6611145490045834,0.4796219955995671
0.00620113891253954,0.700560803860307,0.9807898138120246,-0.6702661902726672,0.8557249436910075,-1.8783122567949238,-1.0147136158147745,0.6046921538590431
1.336448889821092,1.2536959687795728,0.509324209938101,1.180616128150237,-0.8534070677406244,0.29979588873078017,-1.7870518135141307,-2.759695103320859
-1.0951867838827136,-0.39075992692635253,0.509324209938101,-1.5888522297862566,0.6056080639693053,-1.5314797495456078,-0.5192513757812252,0.6297061855109382
0.649869405481194,0.730460001964051,0.6895904702428365,0.2620300886366475,-0.21421948622960754,-0.4632356272177149,-1.4081689240767106,-1.1462900617736198
-0.7662007809698457,0.012879247474192746,0.5231908453461576,-0.053305417465032465,1.0919464412059485,0.4246555913405339,1.2294388831607135,1.1174798027228943
0.6927806232524376,1.0294519830014919,0.9530565429959114,0.33058128561527356,0.5361311529354992,-0.40774242605782435,-0.4026720251850959,-0.10820774821996973
1.4365750646206603,1.313494364987061,0.051725241472233986,1.633054028209169,-0.6310809524324446,1.29867350960881,-0.06750639222122433,-2.059302217067794
0.19214974925459524,0.9846031858458758,0.9946564492200811,0.16605841286657097,1.2309002632735608,-0.3383759246079611,0.4862455231103896,0.9298745653336804
1.0503741046794677,0.9098551905865155,0.051725241472233986,1.0160932554015343,-0.6449763346392058,0.535641993660315,-0.8106997522715482,-1.8341759322007374
1.0217666261653053,1.2686455678314448,0.5786573869783839,1.2765878039203133,0.522235770728738,0.8686012006196583,0.529962779583938,-0.37085508056486916
0.4067058381108134,0.07267764368168093,-0.3504071853614067,0.5225246371554266,-0.4087548371242648,0.4801487925004244,0.13650747132200186,-0.38336209639081675
-1.6387288756517995,-1.2279374738311872,0.4815909391219878,-2.5485689874870214,0.1609558333529458,-2.294511265494103,-1.5247482746728398,0.5421570747293051
0.4067058381108134,0.16237523799291323,-0.14240765424055807,0.4402632007810753,-0.2003241040228463,0.383035690470616,0.07821779602393722,-0.2582919381313408
0.9788554083940617,1.358343162142677,0.6895904702428365,1.2628775645245882,0.7584572682436789,0.840854600039713,0.7631214807761966,0.07939748916924415
0.792906798052006,1.2387463697277006,0.9391899075878548,0.7144679886955796,0.939097236931575,0.022329882931327417,0.29680407839167955,0.3045237740363008
1.0360703654223866,0.9098551905865155,0.3290579496333655,0.8927011008400074,-0.7144532456730119,0.29979588873078017,-0.8544170087450967,-1.784147868896947
-1.8961961822792612,-1.0634918842605947,0.3290579496333655,-1.3694883994546532,0.6889803572098727,-0.4632356272177149,0.47167310428587345,1.1174798027228943
-2.1965747066779664,-1.3624838652980356,0.41225776208170495,-1.4380395964332793,0.8001434148639626,-0.35224922489793375,0.5882524548820027,1.129986818548842
-0.49442973508530275,-0.6299535117563053,-0.43360699780974615,0.028956018909318825,0.1192696867326621,0.6050084951101782,0.9525629254949066,0.7297623121185189
0.9645516691369805,0.8351071953271554,0.01012533524806426,0.9064113402357326,-0.7005578634662507,0.32754248931072544,-0.7669824957979998,-1.4589654574223097
-1.1524017409110383,-0.0319695496814234,1.0501229908523073,-1.424329357037554,1.1614233522397548,-1.4204933472258268,-0.1112236486947728,1.129986818548842
0.7213881017666,1.2387463697277006,0.703457105650893,0.933831819027183,0.8140387970707238,0.5772618945302329,0.7339766431271643,0.2544957107325104
1.007462886908224,1.2686455678314448,0.5786573869783839,1.2628775645245882,0.5361311529354992,0.8686012006196583,0.5153903607594219,-0.35834806473892156
0.4353133166249758,0.17732483704478527,-0.17014092505667122,0.4539734401768005,-0.22811486843636877,0.4246555913405339,0.07821779602393722,-0.283305969783236
1.0360703654223866,1.1490487754164684,0.25972477259308263,1.441110676669016,0.5778172995557829,1.2709269090288648,1.2294388831607135,0.1544395841249297
-1.0236680875973074,-1.1382398795199549,-0.059207841792218614,-1.80821606011786,-0.49212713036483224,-1.5869729507054984,-1.4810310181992914,0.04187644169140137
0.8358180158232497,0.49126641713409824,-0.4613402686258593,1.1669058887545116,0.1609558333529458,1.2431803084489195,1.2440113019852297,0.3045237740363008
-1.2096166979393632,-2.3192582046178467,-1.34880493474148,-1.1501245691230497,-1.0618378008420428,0.06394978380124533,-0.06750639222122433,0.12942555247303453
-0.0653175573728665,0.5062160161859703,1.0778562616684206,-1.1912552873102253,0.6889803572098727,-2.6552170730333917,-1.9327760017592923,0.35455183734009116
0.649869405481194,1.5975367469726298,1.3829222406456652,0.9475420584229083,1.772820169337249,0.4662754922104518,1.3460182337568427,1.3300990717640033
-0.5230372135994652,-0.3758103278744805,0.24585813718502603,-0.9444709781871715,0.03589739349209469,-0.8378147350469761,-0.5483962134302575,0.20446764742872006
-0.4229110387998967,-0.6897519079637935,-0.4474736332178027,-0.03959517806930725,0.10537430452590087,0.5495152939502876,0.8505559937232935,0.5171430430774099
1.0217666261653053,1.2686455678314448,0.5786573869783839,1.2628775645245882,0.522235770728738,0.8686012006196583,0.5153903607594219,-0.35834806473892156
-0.2798736462290846,-0.24126393640763205,-0.14240765424055807,-0.1629873326308342,0.03589739349209469,0.1610628858310538,0.340521334865228,0.3045237740363008
0.6784768839953563,0.6407624076528188,-0.01760793556804889,0.9886727766100839,0.2026419799732295,0.9379677020695214,0.6756869678290996,-0.12071476404591733
0.49252827365330065,0.6407624076528188,0.5370574807542141,0.01524577951359361,-0.005788753128189014,-0.8655613356269214,-1.4664585993747752,-0.7085445078654542
-0.7375933024556833,-0.06186874778516749,0.5647907515703273,-0.7388173872512932,0.8557249436910075,-0.6713351315673044,0.22394198426909878,0.8298184387260997
0.7499955802807624,0.9995527848977479,1.1333228033006468,-0.31379996598381155,0.3971773308678868,-2.1696515628843493,-2.6176796865115515,-0.4709112071724499
0.4353133166249758,0.17732483704478527,-0.17014092505667122,0.4539734401768005,-0.22811486843636877,0.4246555913405339,0.09279021484845339,-0.283305969783236
0.6927806232524376,1.1490487754164684,0.7866569180992324,1.0160932554015343,1.175318734446516,0.7992346991697951,1.2294388831607135,0.7672833595963617
1.336448889821092,1.2536959687795728,0.509324209938101,1.1669058887545116,-0.8534070677406244,0.29979588873078017,-1.7870518135141307,-2.759695103320859
0.106327313712108,0.9248047896383876,0.9253232721797983,0.8241499038613813,1.5504940540290693,0.9518410023594941,1.7103287043697466,1.3926341508937414
1.3221451505640107,0.9995527848977479,0.25972477259308263,1.125775170567336,-0.7144532456730119,0.5217686933703424,-0.9564239405167099,-1.721612789767209
-0.33708860325740947,0.46136721903035416,0.7866569180992324,-0.12185661444365854,1.175318734446516,-0.1718963211282895,0.719404224302648,1.0424377077672087
-0.8234157379981706,0.13247603988916912,0.9946564492200811,-0.6976866690641176,1.1475279700329934,-0.6852084318572771,0.38423859133877647,1.1550008502007372
1.0360703654223866,0.9248047896383876,0.30132467881725233,0.9064113402357326,-0.7283486278797732,0.32754248931072544,-0.8252721710960644,-1.8091619005488422
-1.195312958682282,-2.2893590065141027,-1.3765382055575932,-1.1364143297273244,-1.0479424186352817,0.11944298496113588,0.005355701901356447,0.3170307898622484
-0.49442973508530275,-0.6449031108081773,-0.4474736332178027,0.028956018909318825,0.1192696867326621,0.6050084951101782,0.9525629254949066,0.7172552962925713
0.1206310529691892,0.9248047896383876,0.897590001363685,0.8378601432571066,1.5227032896155468,0.9657143026494668,1.7103287043697466,1.3676201192418462
0.8787292335944933,0.730460001964051,0.01012533524806426,1.0983546917758855,0.230432744386752,0.9518410023594941,0.6902593866536157,-0.07068670074212696
0.3351871418254073,-0.7196511060675376,-1.8896037156556866,0.5910758341340526,-1.3675362093907901,1.0628274046792752,0.806838737249745,-0.22077089065349806
0.8358180158232497,0.9846031858458758,0.46772430371393126,0.9749625372143587,0.00810662907857222,0.5217686933703424,-0.1403684863438051,-0.9461778085584585
-0.07962129662994771,0.07267764368168093,-0.15627428964861464,0.4402632007810753,0.4249680952814093,0.9102211014895761,1.2148664643361973,0.7297623121185189
0.4067058381108134,-0.09176794588891159,-1.0714722265803487,0.8241499038613813,-0.4643363659513098,1.0212075038093573,1.1128595325645843,0.1794536157768249
1.3078414113069294,0.9846031858458758,0.2874580434091958,1.1120649311716109,-0.7005578634662507,0.5078953930803697,-0.970996359341226,-1.7341198055931568
0.8215142765661685,1.1639983744683404,0.3706578558575352,1.37255947969039,1.0363649123789036,1.3125468098987827,1.6374666102471658,0.8173114229001521
0.19214974925459524,-0.9588446908974904,-1.0714722265803487,-0.38235116296243765,-1.839979204420672,-0.26900942315809795,-1.3790240864276784,-1.3338952991628337
-0.3799998210286531,-0.555205516496945,-0.3642738207694633,-0.06701565686075768,0.04979277569885592,0.45240219192047915,0.6465421301800673,0.4796219955995671
0.4067058381108134,0.9248047896383876,0.8837233659556285,0.2620300886366475,0.49444500631521543,-0.3938691257678517,-0.43181686283412823,-0.13322177987186493
-0.8520232165123329,-0.06186874778516749,0.8421234597314587,-0.6839764296683923,1.1058418234127099,-0.6019686301174413,0.3113764972161957,1.1800148818526321
0.8358180158232497,0.49126641713409824,-0.4474736332178027,1.1669058887545116,0.1609558333529458,1.2431803084489195,1.2440113019852297,0.3045237740363008
1.5080937609060665,1.2686455678314448,-0.0730744772002752,1.5096618736476421,-1.3953269738043126,0.9518410023594941,-0.7669824957979998,-2.822230182450597
0.02050487816962075,0.7155104029121789,1.0085230846281377,-0.6428457114812167,0.8835157081045301,-1.8921855570848964,-1.0438584534638067,0.5796781222071479
0.2779721847970825,-0.8242982994306419,-1.972803528104026,0.5225246371554266,-1.242477769529939,0.9102211014895761,0.7631214807761966,-0.20826387482755046
0.5211357521674631,-0.22631433735576,-1.0298723203561788,0.4676836795725257,-1.4648038848381186,0.45240219192047915,-0.28609267458896664,-1.1838111092514627
0.49252827365330065,0.9547039877421317,0.4815909391219878,1.1120649311716109,1.1336325878262323,1.1738138069990562,1.6957562855452306,1.0549447235931564
0.09202357445502679,0.9248047896383876,1.4799886885020612,-0.7113969084598428,1.175318734446516,-1.8644389565049513,-1.1750102228844521,0.8423254545520472
0.5640469699387067,0.6108632095490747,0.5509241161622707,0.01524577951359361,-0.07526566416199519,-0.6158419304074139,-1.14586538523542,-0.5709673337800306
0.7213881017666,0.745409601015923,0.6341239286106102,0.028956018909318825,0.022002011285333457,-0.9210545367868119,-1.4518861805502592,-0.6585164445616638
0.5068320129103818,0.7603592000677951,0.8559900951395154,-0.053305417465032465,-0.033579517541711484,-0.879434635916894,-1.4664585993747752,-0.7460655553432969
0.8215142765661685,0.9098551905865155,0.31519131422530894,0.9886727766100839,-0.06137028195523395,0.5633885942402602,-0.15494090516832126,-1.0087128876881963
0.8644254943374121,-0.6000543136525612,-2.721601840139081,0.9886727766100839,-2.6875975190331074,1.2709269090288648,0.26765924074264724,-1.721612789767209
0.7213881017666,-0.09176794588891159,-1.0437389557642354,0.9475420584229083,-0.478231748158071,1.0905740052592205,0.996280181968455,0.004355394213558593
-0.6660746061702773,-1.2279374738311872,-0.6832064351547645,-0.5742945145025906,-0.49212713036483224,0.14718958554108116,0.13650747132200186,0.2544957107325104
0.4067058381108134,-0.06186874778516749,-1.0853388619884052,0.8241499038613813,-0.4643363659513098,1.1321939061291384,1.1274319513891005,0.20446764742872006
1.2220189757644422,1.1340991763645962,0.46772430371393126,1.2354570857331377,0.07758354011237839,0.8131079994597677,-0.15494090516832126,-0.8836427294287205
1.0217666261653053,1.1340991763645962,0.2735914080011392,1.3999799584818404,0.5778172995557829,1.2431803084489195,1.2002940455116813,0.1669465999508773
0.3351871418254073,-0.6897519079637935,-1.87573708024763,0.5773655947383275,-1.3675362093907901,1.03508080409933,0.7776938996007127,-0.23327790647944566
-0.8520232165123329,-1.781072638750453,-1.0576055911722921,-1.232386005497401,-1.2841639161502225,-0.4354890266377696,-0.883561846394129,-0.2582919381313408
-0.6660746061702773,-0.017019950629551348,0.6757238348347798,-0.7388173872512932,0.8974110903112913,-0.7129550324372224,0.22394198426909878,0.8548324703779948
-1.1380980016539572,-0.07681834683703954,1.0085230846281377,-1.4106191176418288,1.119737205619471,-1.4066200469358543,-0.15494090516832126,1.092465771070999
-0.32278486400032824,-0.18146554020014388,-0.10080774801638834,-0.21782829021373504,0.06368815790561716,0.1333162852511085,0.340521334865228,0.36705885316603876
0.49252827365330065,-0.10671754494078363,-1.0021390495400657,0.549945115946877,-1.423117738217835,0.6050084951101782,-0.31523751223799895,-1.3714163466406766
-0.0653175573728665,0.23712323325227347,0.25972477259308263,-0.21782829021373504,0.21653736217999076,-0.26900942315809795,0.13650747132200186,0.24198869490656286
-2.024929835592992,-1.2578366719349312,0.2735914080011392,-1.547721511599081,0.7862480326572013,-0.2967560237380432,0.6902593866536157,1.3175920559380558
0.6641731447382752,0.41651842187473803,-0.5584067164822554,1.1120649311716109,0.09147892231913964,1.29867350960881,1.3460182337568427,0.3170307898622484
0.6212619269670315,0.6108632095490747,-0.0037413001599923153,0.933831819027183,0.18874659776646827,0.8131079994597677,0.704831805478132,-0.05817968491617937
-0.49442973508530275,-0.5851047146006891,0.35679122044947864,-1.7259546237435088,-0.478231748158071,-2.1973981634642943,-2.384520985319293,-0.38336209639081675
0.22075722776875767,0.8052079972234113,1.2026559803409298,-0.8347890630213698,0.9668880013450974,-2.01704525969465,-1.0001411969902583,0.5421570747293051
0.7786030587949249,1.2985447659351887,0.9391899075878548,0.9201215796314578,1.0502602945856647,0.4385288916305065,0.6611145490045834,0.4796219955995671
-1.3097428727389318,-0.5851047146006891,0.606390657794497,-0.5468740357111402,1.1058418234127099,0.23042938728091697,1.0399974384420034,1.3551131034158985
0.8644254943374121,0.3118712285116337,-0.48907353944197246,0.9886727766100839,-0.5060225125715935,0.9518410023594941,0.3113764972161957,-0.5959813654319258
-1.195312958682282,-2.2893590065141027,-1.3765382055575932,-1.1227040903315992,-1.0479424186352817,0.1333162852511085,0.019928120725872602,0.32953780568819596
-2.4826494918195907,-2.872393369537112,-0.8218727892353302,-1.5614317509948061,-0.005788753128189014,0.29979588873078017,0.8505559937232935,1.1550008502007372
-2.2537896637062915,-2.6481493837590317,-0.7248063413789342,-2.013869651053738,-0.42265021933102603,-0.40774242605782435,-0.023789135747675865,0.7422693279444665
0.6355656662241127,0.7753087991196672,0.24585813718502603,0.5636553553426022,-0.10305642857551765,0.25817598786086227,-0.25694783693993434,-0.5959813654319258
-3.29796262947322,-2.5734013884996716,-0.01760793556804889,-1.9727389328665625,0.6611895927963503,0.06394978380124533,0.9234180878458742,1.405141166719689
-0.8663269557694142,-1.437231860557396,-0.9328058724997829,-0.6291354720854915,-0.49212713036483224,0.45240219192047915,0.4862455231103896,0.5296500589033575
0.6355656662241127,0.6706616057565629,-0.04534120638416204,1.1120649311716109,0.5917126817625441,1.2015604075790016,1.4043079090549073,0.5171430430774099
0.4067058381108134,-0.09176794588891159,-1.1269387682125749,0.8241499038613813,-0.45044098374454855,1.1599405067090836,1.1711492078626489,0.24198869490656286
0.2493647062829201,-0.36086072882260845,-0.48907353944197246,0.01524577951359361,-0.8395116855338631,0.14718958554108116,-0.5338237946057414,-0.620995397083821
-2.311004620734616,-1.2428870728830592,0.30132467881725233,-1.6025624691819818,0.7306665038301564,-0.49098222779766015,0.5736800360574865,1.0174236761153135
-1.1524017409110383,-0.4206591250300966,0.7173237410589496,-1.5065907934119054,0.7584572682436789,-1.5037331489656627,-0.5483962134302575,1.004916660289366
0.5068320129103818,-0.43560872408196866,-0.6554731643386513,-0.23153852960946025,-1.9233514976612394,-0.49098222779766015,-2.1659347029515508,-1.971753106286161
0.23506096702583887,-0.8242982994306419,-1.709337455350951,0.5225246371554266,-1.0896285652555653,0.993460903229412,0.6902593866536157,-0.2958129856091836
-0.6660746061702773,0.057728044629808885,0.5231908453461576,-0.025884938673582037,1.1058418234127099,0.49402209279039705,1.2148664643361973,1.1675078660266847
-1.1524017409110383,-1.452181459609268,-0.11467438342444491,-2.068710608636639,-0.7144532456730119,-1.7118326533152521,-1.7870518135141307,-0.09570073239402214
0.09202357445502679,-1.9604678273729175,-3.0960009961566084,0.5362348765511518,-1.6315484713192534,1.3680400110586732,1.1711492078626489,0.24198869490656286
0.9216404513657369,1.2237967706758286,0.6757238348347798,1.1531956493587865,0.5083403885219767,0.7021215971399867,0.3988110101632927,-0.3333340330870264
-0.2512661677149222,-1.0634918842605947,-0.405873726993633,-1.108993850935874,-1.1452100940826102,-0.9349278370767845,-1.5976103687954206,-0.7085445078654542
0.13493479222627042,-0.9588446908974904,-2.0560033405523654,0.5225246371554266,-1.311954680563745,1.0073342035193846,0.8359835748987773,-0.14572879569781252
-0.07962129662994771,-0.4954071202894569,-0.2394741020969541,-0.6017149932940411,-0.5893948058121609,-0.421615726347797,-0.883561846394129,-0.35834806473892156
-2.983280365817433,-2.364107001773463,0.051725241472233986,-2.493728029904121,0.34159580204084183,-0.8100681344670309,0.09279021484845339,1.1424938343747895
0.8358180158232497,0.6856112048084348,0.051725241472233986,1.0435137341929848,0.2721188910070357,0.8963478011996036,0.6465421301800673,-0.02065863743833659
0.4067058381108134,-0.12166714399265569,-1.0437389557642354,0.7555987068827552,-0.4643363659513098,0.9379677020695214,0.9817077631439389,0.06689047334329655
0.19214974925459524,0.7902583981715392,1.0362563554442508,-0.7251071478555681,0.8557249436910075,-1.989298659114705,-1.0292860346392907,0.4671149797736195
0.3637946203395698,-0.19641513925201592,-1.0576055911722921,0.7555987068827552,-0.42265021933102603,1.0767007049692479,0.9671353443194227,-0.008151621612388998
1.4365750646206603,1.313494364987061,0.051725241472233986,1.633054028209169,-0.6171855702256833,1.29867350960881,-0.06750639222122433,-2.059302217067794
-0.7375933024556833,-0.0020703515776793013,0.7589236472831193,-0.6976866690641176,1.0224695301721423,-0.7129550324372224,0.16565230897103417,1.0674517394191039
0.9788554083940617,1.1938975725720844,0.31519131422530894,1.4685311554604665,0.9807833835518587,1.3957866116386184,1.6228941914226498,0.7047482804666237
-0.07962129662994771,0.07267764368168093,-0.14240765424055807,0.4402632007810753,0.4388634774881705,0.9102211014895761,1.2148664643361973,0.7297623121185189
0.00620113891253954,-1.5717782520242443,-2.666135298506855,0.28945056742809794,-1.9650376442815232,0.9518410023594941,0.4862455231103896,-0.4709112071724499
0.7213881017666,-0.8242982994306419,-1.8618704448395733,0.8652806220485569,-1.2702685339434614,1.29867350960881,0.8651284125478096,-0.3083200014351312
-1.338350351253094,-0.555205516496945,0.35679122044947864,-0.6428457114812167,0.8696203258977688,0.1333162852511085,0.9088456690213581,1.0299306919412612
0.6641731447382752,0.34177042661537776,-0.33654054995335014,0.7967294250699308,-0.39485945491750357,0.7437414980099045,0.26765924074264724,-0.5209392704762402
-0.4229110387998967,0.14742563894104116,0.6895904702428365,-0.5057433175239646,0.7862480326572013,-0.5880953298274686,0.06364537719942107,0.7172552962925713
0.3351871418254073,0.9995527848977479,1.1333228033006468,-0.03959517806930725,1.0780510589991874,-0.8933079362068667,-0.32980993106251516,0.5796781222071479
-0.8377194772552518,-1.5418790539205003,-0.8912059662756131,-0.6702661902726672,-0.45044098374454855,0.3969089907605886,0.3988110101632927,0.3170307898622484
0.7070843625095188,0.5211656152378423,0.606390657794497,-0.2589590084009107,-0.4643363659513098,-1.3233802451960184,-2.3262313100212286,-1.1212760301217246
-1.2954391334818505,-0.6000543136525612,0.5786573869783839,-0.5194535569196898,1.064155676792426,0.2720492881508349,1.0254250196174874,1.3300990717640033
1.2506264542786047,0.8949055915346436,0.06559187688029056,0.9201215796314578,-1.2980592983569839,0.23042938728091697,-1.5830379499709046,-2.472033739324065
0.22075722776875767,0.04277844557793684,0.10719178310446029,-0.2589590084009107,-0.2836963972634137,-0.5187288283776055,-1.0292860346392907,-0.4834182229983975
-0.7662007809698457,0.17732483704478527,1.0362563554442508,-0.7113969084598428,1.1475279700329934,-0.7268283327271949,0.340521334865228,1.1424938343747895
0.5783507091957879,0.29692162945976164,-0.4613402686258593,0.7967294250699308,-0.49212713036483224,0.7853613988798225,0.38423859133877647,-0.5084322546502927
0.6355656662241127,-0.10671754494078363,-0.9466725079078394,0.5910758341340526,-1.3258500627705063,0.7437414980099045,-0.3443823498870313,-1.2713602200330958
-1.5815139186234746,-2.8125949733296243,-1.6261376429026115,-0.39606140235816284,-0.10305642857551765,1.146067206419111,1.5354596784755528,1.217535929330475
0.3637946203395698,1.2088471716239566,1.230389251157043,0.1934788916580214,1.3420633209276507,-0.3245026243179885,0.5591076172329703,0.9924096444634184
-2.4397382740483473,-1.8707702330616853,0.25972477259308263,-2.7268020996314495,0.2026419799732295,-1.6702127524453343,-0.6649755640263867,0.8548324703779948
1.2506264542786047,1.5078391526613975,1.2026559803409298,0.7555987068827552,0.522235770728738,-1.0875341402664835,-2.3553761476702606,-1.1087690142957771
-1.3097428727389318,-0.5402559174450731,0.2874580434091958,-0.656555950876942,0.8557249436910075,0.17493618612102643,0.9234180878458742,1.0549447235931564
-0.43721477805697795,-0.6299535117563053,-0.5306734456661422,0.07008673709649448,-0.005788753128189014,0.6188817954001508,0.9379905066703904,0.5796781222071479
0.7213881017666,0.745409601015923,0.6341239286106102,0.028956018909318825,0.03589739349209469,-0.9210545367868119,-1.4518861805502592,-0.6585164445616638
0.23506096702583887,-0.8093487003787698,-1.709337455350951,0.5362348765511518,-1.0896285652555653,1.0073342035193846,0.719404224302648,-0.283305969783236
0.7642993195378436,-0.12166714399265569,-1.0853388619884052,0.6184963129255031,-1.47869926704488,0.5772618945302329,-0.25694783693993434,-1.1963181250774102
0.13493479222627042,0.9846031858458758,1.3135890636053824,-0.21782829021373504,1.2864817921006058,-0.990421038236675,-0.19865816164186972,0.9673956128115232
-1.9820186178217485,-1.3923830634017798,0.30132467881725233,-1.4517498358290044,0.7862480326572013,-0.2551361228681253,0.6756869678290996,1.3801271350677937
1.479486282391904,1.3882423602464211,0.13492505392057344,1.5233721130433673,-0.8673024499473856,0.9657143026494668,-0.18408574281735357,-2.0342881854158987
0.07771983519794558,0.8799559924827715,0.7727902826911759,0.8104396644656561,1.425435614168218,0.9379677020695214,1.652039029071682,1.1925218976785799
0.19214974925459524,-0.9588446908974904,-1.0714722265803487,-0.38235116296243765,-1.839979204420672,-0.2551361228681253,-1.3790240864276784,-1.3338952991628337
1.0932853224507113,1.1639983744683404,0.3290579496333655,1.1531956493587865,-0.08916104636875642,0.6605016962700687,-0.052933973396708175,-0.9211637769065633
1.3650563683352543,1.059351181105236,-0.22560746668889753,1.3040082827117638,-1.492594649251641,0.8131079994597677,-0.7524100769734836,-2.822230182450597
-0.3513923425144907,-0.6150039127044332,-0.48907353944197246,0.04266625830504404,0.04979277569885592,0.7159948974299593,0.9379905066703904,0.4796219955995671
0.8501217550803308,1.6124863460245018,1.230389251157043,1.180616128150237,1.5088079074087857,0.646628395980096,1.1711492078626489,0.8298184387260997
-1.9820186178217485,-1.3923830634017798,0.30132467881725233,-1.4517498358290044,0.7723526504504401,-0.24126282257815268,0.6756869678290996,1.3801271350677937
0.6212619269670315,0.6108632095490747,-0.01760793556804889,0.933831819027183,0.18874659776646827,0.8131079994597677,0.704831805478132,-0.05817968491617937
1.0789815831936302,1.1340991763645962,0.31519131422530894,1.125775170567336,-0.10305642857551765,0.6188817954001508,-0.06750639222122433,-0.8961497452546681
-0.30848112474324707,-0.21136473830388797,-0.1285410188325015,-0.17669757202655942,0.04979277569885592,0.1610628858310538,0.340521334865228,0.32953780568819596
-1.3240466119960128,-0.5851047146006891,0.606390657794497,-0.5468740357111402,1.119737205619471,0.23042938728091697,1.0399974384420034,1.3551131034158985
-0.3943035602857343,0.13247603988916912,0.6479905640186667,-0.4920330781282394,0.7306665038301564,-0.574222029537496,0.04907295837490491,0.6922412646406761
-0.36569608177157187,-1.0933910823643387,-0.6138732581144817,-1.1227040903315992,-1.2285823873231776,-0.879434635916894,-1.5830379499709046,-0.7460655553432969
-1.5242989615951499,-2.8574437704852405,-1.6677375491267814,-0.9581812175828966,-0.7839301567068182,0.6050084951101782,0.7631214807761966,0.7422693279444665
0.6355656662241127,0.7155104029121789,0.5647907515703273,0.01524577951359361,0.022002011285333457,-0.8933079362068667,-1.4664585993747752,-0.683530476213559
0.17784600999751404,0.730460001964051,0.5509241161622707,0.5362348765511518,0.939097236931575,0.5495152939502876,1.083714694915552,0.8298184387260997
-0.6517708669131961,0.057728044629808885,0.509324209938101,-0.012174699277856822,1.0919464412059485,0.5078953930803697,1.2148664643361973,1.1550008502007372
-0.7948082594840081,0.012879247474192746,0.6479905640186667,0.01524577951359361,1.175318734446516,0.4662754922104518,1.258583720809746,1.1800148818526321
0.8787292335944933,0.730460001964051,0.01012533524806426,1.0983546917758855,0.230432744386752,0.9518410023594941,0.6902593866536157,-0.05817968491617937
0.4353133166249758,-0.7196511060675376,-1.8341371740234602,0.673337270508404,-1.2980592983569839,1.2709269090288648,0.9088456690213581,-0.1832498431756553
0.9502479298798994,0.8500567943790274,0.03785860606417741,0.9475420584229083,-0.7144532456730119,0.4662754922104518,-0.7232652393244513,-1.909218027156423
-0.5516446921136275,-0.3160119316669923,0.10719178310446029,-0.4371921205453385,0.25822350880027445,-0.047036618518535765,0.3988110101632927,0.4921290114255147
0.6641731447382752,0.41651842187473803,-0.5584067164822554,1.1120649311716109,0.09147892231913964,1.3125468098987827,1.3460182337568427,0.3170307898622484
0.4067058381108134,-0.07681834683703954,-1.1130721328045183,0.8241499038613813,-0.45044098374454855,1.1599405067090836,1.1565767890381327,0.22948167908061526
-2.039233574850073,-1.198038275727443,0.20425823096085632,-1.5888522297862566,0.6333988283828278,-0.3799958254778791,0.5008179419349057,1.0674517394191039
0.6784768839953563,-0.06186874778516749,-0.7802728830111605,0.6322065523212282,-1.0757331830488042,0.6327550956901234,-0.22780299929090203,-1.0337269193400915
0.00620113891253954,0.08762724273355298,-0.22560746668889753,0.5773655947383275,0.36938656645436435,0.8963478011996036,1.2440113019852297,0.7297623121185189
0.7499955802807624,1.2088471716239566,0.6618571994267233,0.9749625372143587,0.7723526504504401,0.6327550956901234,0.7339766431271643,0.22948167908061526
-1.3240466119960128,-0.6150039127044332,0.3429245850414221,-0.5742945145025906,0.8696203258977688,0.14718958554108116,0.8651284125478096,1.004916660289366
0.3351871418254073,-0.7047015070156656,-1.87573708024763,0.5773655947383275,-1.3675362093907901,1.03508080409933,0.7922663184252289,-0.23327790647944566
0.9359441906228181,0.8500567943790274,0.051725241472233986,0.9475420584229083,-0.7144532456730119,0.4662754922104518,-0.7232652393244513,-1.909218027156423
-0.022406339601622877,-2.0501654216841496,-3.0544010899324388,0.49510415836397614,-1.5620715602854474,1.3402934104787279,1.185721626687165,0.267002726558458
0.00620113891253954,-0.5701551155488171,-0.1285410188325015,-0.6291354720854915,-0.658871716845967,-0.4632356272177149,-0.7961273334470321,-0.37085508056486916
-2.7830280162182963,-1.9305686292691735,0.19039159555279975,-2.2743641995725175,0.5083403885219767,-0.8516880353369487,0.22394198426909878,1.1049727868969468
0.4353133166249758,0.8052079972234113,0.9807898138120246,-0.13556685383938377,0.06368815790561716,-0.9626744376567298,-1.3935965052521946,-0.683530476213559
-1.1810092194252009,-0.43560872408196866,0.6895904702428365,-1.49288055401618,0.7584572682436789,-1.48985984867569,-0.5338237946057414,1.0299306919412612
-0.36569608177157187,0.41651842187473803,0.897590001363685,-0.09443613565220811,1.2864817921006058,-0.10252981967842631,0.806838737249745,1.2050289135045273
0.649869405481194,0.3716696247191219,-0.5306734456661422,1.0709342129844353,0.14706045114618457,1.1599405067090836,1.3168733961078105,0.36705885316603876
0.7070843625095188,1.0294519830014919,0.9530565429959114,0.358001764406724,0.5361311529354992,-0.40774242605782435,-0.4026720251850959,-0.12071476404591733
0.8644254943374121,0.29692162945976164,-0.47520690403391586,0.9749625372143587,-0.49212713036483224,0.9379677020695214,0.29680407839167955,-0.5834743496059782
0.6927806232524376,1.2088471716239566,0.8421234597314587,1.0709342129844353,1.2170048810667997,0.8547279003296856,1.287728558458778,0.8423254545520472
-0.5373409528565464,-0.3160119316669923,0.09332514769640371,-0.42348188114961327,0.24432812659351322,-0.03316331822856313,0.427955847812325,0.4796219955995671
-0.8377194772552518,-1.4222822615055237,-0.9050726016836697,-0.6702661902726672,-0.49212713036483224,0.45240219192047915,0.44252826663684114,0.36705885316603876
0.3637946203395698,-0.19641513925201592,-1.0714722265803487,0.7555987068827552,-0.42265021933102603,1.0767007049692479,0.9671353443194227,-0.008151621612388998
0.3065796633112449,0.5211656152378423,0.3845244912655918,0.39913248259389966,0.46665424190169297,0.3552890898906707,0.44252826663684114,0.267002726558458
1.1505002794790362,0.6407624076528188,-0.22560746668889753,0.8241499038613813,-1.6871300001462983,0.25817598786086227,-1.830769069987679,-2.85975122992844
0.649869405481194,0.7902583981715392,0.2874580434091958,1.0160932554015343,0.7445618860369176,0.7714880985898498,0.9671353443194227,0.4921290114255147
1.0503741046794677,1.01450238394962,0.3845244912655918,1.1394854099630614,0.03589739349209469,0.7298681977199319,-0.18408574281735357,-0.8961497452546681
0.5068320129103818,0.9248047896383876,0.4261243974897615,1.0983546917758855,1.0780510589991874,1.187687107289029,1.652039029071682,0.9298745653336804
-0.8663269557694142,-1.6166270491798604,-0.8634726954595,-0.656555950876942,-0.4087548371242648,0.23042938728091697,0.38423859133877647,0.35455183734009116
1.4937900216489852,1.403191959298293,0.13492505392057344,1.5370823524390924,-0.8673024499473856,0.9657143026494668,-0.18408574281735357,-2.0342881854158987
-1.195312958682282,-2.2893590065141027,-1.3765382055575932,-1.1364143297273244,-1.0479424186352817,0.1333162852511085,0.019928120725872602,0.32953780568819596
0.5211357521674631,0.23712323325227347,0.3706578558575352,-0.4920330781282394,-0.7839301567068182,-1.4204933472258268,-2.7051141994586487,-1.3714163466406766
0.8358180158232497,0.26702243135601755,-0.4474736332178027,0.9475420584229083,-0.478231748158071,0.9102211014895761,0.2530868219181311,-0.558460317954083
0.449617055882057,-0.2562135354595041,-1.0576055911722921,0.4402632007810753,-1.5064900314584024,0.4662754922104518,-0.35895476871154747,-1.3589093308147289
0.14923853148335162,0.9098551905865155,0.9669231784039679,0.4265529613853501,1.3281679387208896,0.21655608699094434,0.9379905066703904,1.0299306919412612
-0.4229110387998967,-0.5851047146006891,-0.5306734456661422,0.0015355401178683943,0.03589739349209469,0.7437414980099045,0.9379905066703904,0.5046360272514623
-2.9260654087891083,-2.3790566008253347,0.01012533524806426,-2.507438269299846,0.31380503762731937,-0.8378147350469761,0.06364537719942107,1.1550008502007372
0.06341609594086438,-1.0036934880531065,-1.154672039028688,-0.3549306841709872,-1.9094561154544782,-0.11640311996839896,-1.2332998981825167,-1.3714163466406766
0.16354227074043284,0.8351071953271554,1.1749227095248165,-0.5605842751068655,0.9807833835518587,-1.600846250995471,-1.0001411969902583,0.5046360272514623
0.6355656662241127,-0.09176794588891159,-0.9328058724997829,0.5910758341340526,-1.3258500627705063,0.7437414980099045,-0.32980993106251516,-1.2838672358590435
1.1648040187361175,1.328443964038933,0.6757238348347798,1.317718522107489,0.5639219173490216,0.8269812997497403,0.3988110101632927,-0.2707989539572884
0.17784600999751404,-0.9588446908974904,-1.0714722265803487,-0.38235116296243765,-1.839979204420672,-0.26900942315809795,-1.3790240864276784,-1.3338952991628337
0.7070843625095188,1.2088471716239566,1.0362563554442508,0.6047860735297779,0.8974110903112913,-0.019290017938590493,0.29680407839167955,0.3045237740363008
0.13493479222627042,-1.198038275727443,-1.293338393109254,-0.5057433175239646,-2.1734683773829415,-0.22738952228818005,-1.6559000440934852,-1.5590215840298904
-0.8806306950264954,-1.497030256764884,-0.8634726954595,-0.42348188114961327,-0.24201025064313,0.6327550956901234,0.9088456690213581,0.7047482804666237
-0.7089858239415209,-2.5584517894477994,-2.4858690382021194,-0.1904078114222846,-1.2980592983569839,1.0212075038093573,0.8651284125478096,0.4796219955995671
0.9788554083940617,1.1340991763645962,0.6341239286106102,1.0435137341929848,0.09147892231913964,0.5217686933703424,-0.12579606751928896,-0.9461778085584585
-0.00810260034454167,0.04277844557793684,-0.15627428964861464,0.5088143977597014,0.46665424190169297,0.9379677020695214,1.258583720809746,0.7047482804666237
1.4937900216489852,1.4330911574020373,0.39839112667364834,1.564502831230543,-0.950674743187953,0.9102211014895761,-0.9564239405167099,-3.0848775147954965
0.4639207951391382,-1.0186430871049785,-1.8341371740234602,0.6047860735297779,-1.1591054762893716,1.03508080409933,0.719404224302648,-0.20826387482755046
1.0503741046794677,1.6274359450763738,1.0223897200361942,1.441110676669016,1.2586910276870833,1.0212075038093573,1.2148664643361973,0.4671149797736195
-0.6374671276561148,0.057728044629808885,0.4954575745300444,-0.012174699277856822,1.0780510589991874,0.5078953930803697,1.2148664643361973,1.1424938343747895
0.2779721847970825,0.35672002566724986,0.25972477259308263,0.16605841286657097,0.17485121555970703,-0.07478321909848104,-0.28609267458896664,-0.13322177987186493
-1.2382241764535256,-0.3758103278744805,1.0501229908523073,-1.5888522297862566,0.9252018547248138,-1.4204933472258268,-0.43181686283412823,1.092465771070999
-0.29417738548616584,-0.5701551155488171,-0.26720737291306723,-0.5880047538983159,-0.6866624812594895,-0.4771089275076875,-0.9127066840431614,-0.3208270172610788
0.6212619269670315,0.7155104029121789,0.5647907515703273,0.01524577951359361,0.022002011285333457,-0.9071812364968392,-1.4664585993747752,-0.683530476213559
0.449617055882057,-0.7047015070156656,-1.8202705386154037,0.6596270311126787,-1.311954680563745,1.2709269090288648,0.8942732501968419,-0.1832498431756553
0.2779721847970825,-0.8392478984825139,-1.972803528104026,0.5225246371554266,-1.242477769529939,0.9240944017795488,0.7631214807761966,-0.1957568590016029
0.993159147651143,1.6274359450763738,1.2026559803409298,1.2217468463374126,1.4949125252020243,0.6188817954001508,1.1420043702136167,0.8173114229001521
0.19214974925459524,0.7902583981715392,1.0362563554442508,-0.7113969084598428,0.8557249436910075,-1.989298659114705,-1.0147136158147745,0.4671149797736195
0.049112356683783165,0.13247603988916912,-0.28107400832112384,0.6322065523212282,0.31380503762731937,0.9379677020695214,1.258583720809746,0.6922412646406761
-1.7960700074796927,-2.139863015995382,-0.4613402686258593,-2.2195232419896165,-0.6727670990527282,-1.1707739420063195,-0.970996359341226,0.2795097423844056
-1.0808830446256323,-0.3758103278744805,0.5370574807542141,-1.5888522297862566,0.5917126817625441,-1.5592263501255532,-0.5338237946057414,0.6171991696849906
0.6927806232524376,1.1490487754164684,0.7866569180992324,1.0160932554015343,1.1614233522397548,0.7992346991697951,1.2294388831607135,0.7672833595963617
0.3924020988537322,0.5062160161859703,0.3706578558575352,0.4265529613853501,0.49444500631521543,0.34141578960069807,0.47167310428587345,0.3045237740363008
0.20645348851167647,-0.9588446908974904,-1.0853388619884052,-0.38235116296243765,-1.8538745866274333,-0.2551361228681253,-1.3644516676031622,-1.3338952991628337
-0.5230372135994652,-0.3010623326151203,0.06559187688029056,-0.4097716417538881,0.21653736217999076,-0.019290017938590493,0.44252826663684114,0.4546079639476719
-0.4229110387998967,-0.6748023089119214,-0.4613402686258593,-0.025884938673582037,0.09147892231913964,0.5495152939502876,0.8651284125478096,0.5046360272514623
0.8358180158232497,1.2387463697277006,0.9114566367717416,0.7693089462784805,0.8974110903112913,0.06394978380124533,0.26765924074264724,0.2544957107325104
0.8501217550803308,1.6124863460245018,1.258122521973156,1.1669058887545116,1.5365986718223081,0.6188817954001508,1.185721626687165,0.8673394862039424
-0.8663269557694142,-1.437231860557396,-0.9328058724997829,-0.6291354720854915,-0.5060225125715935,0.4662754922104518,0.4862455231103896,0.5171430430774099
-1.0379718268543887,-0.9887438890012344,-0.10080774801638834,-1.0952836115401487,-0.06137028195523395,-0.4771089275076875,-0.08207881104574048,0.42959393229577675
0.8358180158232497,1.6124863460245018,1.2719891573812125,1.1394854099630614,1.5643894362358306,0.6050084951101782,1.2002940455116813,0.8923535178558376
0.7213881017666,1.1938975725720844,1.0223897200361942,0.6184963129255031,0.8974110903112913,-0.005416717648617856,0.29680407839167955,0.2920167582103532
0.19214974925459524,0.8201575962752833,1.0223897200361942,-0.5880047538983159,0.8696203258977688,-1.9338054579548143,-1.0292860346392907,0.4671149797736195
0.09202357445502679,-0.8242982994306419,-1.0853388619884052,0.07008673709649448,-1.0618378008420428,0.3969089907605886,-0.1112236486947728,-0.45840419134650234
0.9645516691369805,-0.017019950629551348,-1.0160056849481223,0.8652806220485569,-1.3953269738043126,0.9102211014895761,-0.25694783693993434,-1.3338952991628337
0.9645516691369805,0.8650063934308995,0.2181248663689129,0.8789908614442822,-0.7978255389135794,0.3552890898906707,-0.8544170087450967,-1.909218027156423
-0.12253251440119134,0.6108632095490747,1.2719891573812125,-1.287226963080302,0.8696203258977688,-2.6829636736133367,-1.8890587452857437,0.5171430430774099
0.6212619269670315,-0.10671754494078363,-0.7664062476031039,0.5910758341340526,-1.0618378008420428,0.5772618945302329,-0.2715202557644505,-0.9962058718622487
-0.8806306950264954,-0.3758103278744805,0.6202572932025535,-1.2598064842888514,0.5500265351422604,-1.184647242296292,-0.5192513757812252,0.667227232988781
0.3924020988537322,0.9248047896383876,0.8837233659556285,0.2620300886366475,0.49444500631521543,-0.40774242605782435,-0.43181686283412823,-0.13322177987186493
-0.30848112474324707,-0.19641513925201592,-0.11467438342444491,-0.20411805081800982,0.06368815790561716,0.14718958554108116,0.340521334865228,0.34204482151414356
-1.3669578297672564,-0.5402559174450731,0.3845244912655918,-0.656555950876942,0.8974110903112913,0.10556968467116323,0.9234180878458742,1.0549447235931564
-0.7662007809698457,0.04277844557793684,0.8837233659556285,-0.6839764296683923,1.1058418234127099,-0.6435885309873591,0.26765924074264724,1.1174798027228943
0.9216404513657369,-0.07681834683703954,-0.9744057787239526,0.8378601432571066,-1.3536408271840288,0.8686012006196583,-0.31523751223799895,-1.296374251684991
-0.8663269557694142,-1.437231860557396,-0.9189392370917263,-0.6291354720854915,-0.49212713036483224,0.45240219192047915,0.4862455231103896,0.5296500589033575
0.5211357521674631,-0.6000543136525612,-1.5429378304542722,0.31687104621954837,-2.2151545240032253,0.45240219192047915,-0.7669824957979998,-1.8591899638526326
0.649869405481194,1.1639983744683404,0.869856730547572,0.6870475099041291,0.8974110903112913,0.06394978380124533,0.2822316595671634,0.20446764742872006
0.7356918410236812,1.2237967706758286,0.6895904702428365,0.9612522978186334,0.7862480326572013,0.6050084951101782,0.7339766431271643,0.24198869490656286
-1.338350351253094,-0.5701551155488171,0.5231908453461576,-0.5468740357111402,1.0085741479653811,0.1333162852511085,0.9379905066703904,1.1550008502007372
0.9645516691369805,-0.0319695496814234,-1.0160056849481223,0.8652806220485569,-1.3953269738043126,0.8963478011996036,-0.2715202557644505,-1.3338952991628337
-0.8234157379981706,-1.511979855816756,-0.9050726016836697,-0.6428457114812167,-0.49212713036483224,0.4246555913405339,0.427955847812325,0.2795097423844056
0.6927806232524376,-0.12166714399265569,-1.0853388619884052,0.9475420584229083,-0.4643363659513098,1.1183206058391657,1.0545698572665196,0.04187644169140137
-3.483911239815275,-1.7212742425429648,0.703457105650893,-2.6719611420485485,1.0919464412059485,-1.0042943385266476,0.5153903607594219,1.4676762458494268
0.19214974925459524,0.8201575962752833,1.0223897200361942,-0.5880047538983159,0.8696203258977688,-1.947678758244787,-1.0292860346392907,0.4671149797736195
0.8072105373090872,0.745409601015923,0.7173237410589496,0.01524577951359361,-0.01968413533495025,-0.9488011373667572,-1.4227413429012268,-0.6084883812578734
0.03480861742670196,0.10257684178542503,-0.22560746668889753,0.5910758341340526,0.3971773308678868,0.9379677020695214,1.2731561396342619,0.6422132013368858
1.3650563683352543,1.059351181105236,0.24585813718502603,1.180616128150237,-0.6032901880189221,0.646628395980096,-0.9564239405167099,-1.721612789767209
0.6927806232524376,1.2387463697277006,0.869856730547572,1.0846444523801604,1.2447956454803222,0.8824745009096309,1.3168733961078105,0.8923535178558376
0.9359441906228181,0.2819720304078896,-0.9882724141320092,1.05722397358871,-1.2146870051164165,1.0073342035193846,0.20936956544458263,-1.233839172555253
0.32088340256832615,0.9248047896383876,0.7450570118750628,0.5636553553426022,1.0224695301721423,0.41078229105056124,0.9379905066703904,0.7922973912482569
-0.051013818115785294,0.04277844557793684,-0.15627428964861464,0.5088143977597014,0.45275885969493174,0.8824745009096309,1.2440113019852297,0.6922412646406761
0.8644254943374121,0.2819720304078896,-0.47520690403391586,0.9612522978186334,-0.49212713036483224,0.9379677020695214,0.29680407839167955,-0.5834743496059782
0.7642993195378436,0.2819720304078896,-0.47520690403391586,0.9201215796314578,-0.5060225125715935,0.9657143026494668,0.29680407839167955,-0.5959813654319258
0.5783507091957879,1.1789479735202124,1.0085230846281377,0.6322065523212282,0.8974110903112913,-0.019290017938590493,0.26765924074264724,0.2544957107325104
0.5211357521674631,0.23712323325227347,0.3706578558575352,-0.5057433175239646,-0.7839301567068182,-1.4204933472258268,-2.7196866182831645,-1.3714163466406766
-0.29417738548616584,-0.555205516496945,-0.5722733518903119,0.11121745528367012,-0.01968413533495025,0.7992346991697951,0.9817077631439389,0.41708691646982915
-0.7375933024556833,0.012879247474192746,0.509324209938101,-0.03959517806930725,1.064155676792426,0.45240219192047915,1.2294388831607135,1.092465771070999
0.9788554083940617,1.5377383507651416,1.1471894387087034,1.1394854099630614,1.2309002632735608,0.45240219192047915,0.6611145490045834,0.4796219955995671
0.8358180158232497,0.9846031858458758,0.46772430371393126,0.9749625372143587,-0.005788753128189014,0.5217686933703424,-0.1403684863438051,-0.958684824384406
1.0217666261653053,1.1340991763645962,0.2735914080011392,1.4136901978775656,0.5778172995557829,1.2431803084489195,1.2002940455116813,0.1669465999508773
-0.4229110387998967,-0.5851047146006891,-0.5861399872983685,0.11121745528367012,-0.005788753128189014,0.7298681977199319,1.0108526007929712,0.667227232988781
-0.051013818115785294,-0.40570952597822457,-0.15627428964861464,-0.39606140235816284,-0.45044098374454855,-0.3245026243179885,-0.6358307263773544,-0.283305969783236
-0.9664531305689826,-1.5717782520242443,-0.9189392370917263,-0.5880047538983159,-0.5060225125715935,0.2443026875708896,0.4571006854613573,0.4421009481217243
-0.03671007885870409,0.012879247474192746,-0.1285410188325015,0.4539734401768005,0.5083403885219767,0.9102211014895761,1.2440113019852297,0.7297623121185189
-0.03671007885870409,-0.6150039127044332,-0.21174083128084095,-0.656555950876942,-0.6449763346392058,-0.5048555280876328,-0.8252721710960644,-0.35834806473892156
0.5354394914245443,0.9098551905865155,0.6479905640186667,0.7555987068827552,0.9807833835518587,0.5495152939502876,0.7631214807761966,0.5671711063812003
-0.6660746061702773,-0.0319695496814234,0.6757238348347798,-0.7388173872512932,0.8974110903112913,-0.7129550324372224,0.23851440309361494,0.8548324703779948
0.06341609594086438,0.5959136104972026,0.5786573869783839,0.48139391896825096,0.9946787657586199,0.5217686933703424,1.1565767890381327,0.8673394862039424
0.34949088108248855,-0.6748023089119214,-1.8618704448395733,0.5773655947383275,-1.3814315915975512,1.0212075038093573,0.7631214807761966,-0.24578492230539326
-1.4384765260526626,-0.9438950918456183,0.46772430371393126,-2.2195232419896165,0.230432744386752,-2.1141583617244586,-1.2332998981825167,0.5921851380330955
0.22075722776875767,0.9098551905865155,1.0085230846281377,-0.13556685383938377,1.0224695301721423,-1.0181676388166203,-0.19865816164186972,0.6422132013368858
1.3078414113069294,1.2387463697277006,0.4815909391219878,1.2902980433160387,-0.005788753128189014,0.7437414980099045,-0.12579606751928896,-0.9461778085584585
0.649869405481194,0.6407624076528188,-0.04534120638416204,0.9749625372143587,0.1609558333529458,0.8547279003296856,0.7485490619516804,-0.09570073239402214
-0.8234157379981706,-0.017019950629551348,0.8559900951395154,-0.6839764296683923,1.1058418234127099,-0.6158419304074139,0.29680407839167955,1.1675078660266847
0.9359441906228181,0.9547039877421317,0.8559900951395154,0.15234817347084575,-0.17253333960932382,-1.3650001460659362,-2.7196866182831645,-1.3589093308147289
0.5926544484528691,1.5227887517132694,1.355188969829552,0.8927011008400074,1.7311340227169654,0.4801487925004244,1.360590652581359,1.3300990717640033
1.2935376720498484,1.5526879498170136,1.258122521973156,0.7830191856742057,0.5500265351422604,-1.032040939106593,-2.297086472372196,-1.0587409509919867
-0.46582225657114035,0.14742563894104116,0.7173237410589496,-0.533163796315415,0.8140387970707238,-0.6158419304074139,0.06364537719942107,0.7547763437704141
0.8358180158232497,0.9846031858458758,0.46772430371393126,0.9612522978186334,0.00810662907857222,0.5078953930803697,-0.1403684863438051,-0.9461778085584585
1.3078414113069294,1.2536959687795728,0.4815909391219878,1.2902980433160387,-0.01968413533495025,0.7437414980099045,-0.1112236486947728,-0.9336707927325109
-0.051013818115785294,-0.43560872408196866,-0.0037413001599923153,-0.8896300206042707,-1.0201516542217592,-1.1985205425862646,-2.0639277711799378,-1.021219903514144
1.0217666261653053,0.700560803860307,-0.5306734456661422,1.2628775645245882,-0.5060225125715935,1.187687107289029,0.719404224302648,-0.7210515236914018
-1.7817662682226116,-2.139863015995382,-0.4613402686258593,-2.2195232419896165,-0.6727670990527282,-1.1707739420063195,-0.970996359341226,0.2795097423844056
-0.8234157379981706,-1.4073326624536517,-0.9328058724997829,-0.6428457114812167,-0.5199178947783547,0.4801487925004244,0.47167310428587345,0.32953780568819596
-1.2954391334818505,-0.555205516496945,0.25972477259308263,-0.6428457114812167,0.8418295614842463,0.2026827867009717,0.9234180878458742,1.0299306919412612
0.5926544484528691,1.1789479735202124,0.9946564492200811,0.6459167917169535,0.8835157081045301,0.00845658264135478,0.26765924074264724,0.22948167908061526
0.649869405481194,-0.07681834683703954,-0.960539143315896,0.6047860735297779,-1.3397454449772677,0.7437414980099045,-0.31523751223799895,-1.296374251684991
-1.88189244302218,-1.0634918842605947,0.3290579496333655,-1.3831986388503783,0.6750849750031115,-0.4771089275076875,0.427955847812325,1.092465771070999
-1.0236680875973074,-1.6764254453873486,-0.9466725079078394,-0.6291354720854915,-0.5338132769851159,0.25817598786086227,0.41338342898780883,0.5171430430774099
-2.8831541910178644,-1.9455182283210455,0.3290579496333655,-2.2880744389682426,0.647294210589589,-0.8378147350469761,0.340521334865228,1.2425499609823702
0.7499955802807624,1.01450238394962,1.1333228033006468,-0.31379996598381155,0.3971773308678868,-2.1696515628843493,-2.6176796865115515,-0.4834182229983975
0.5068320129103818,-0.4206591250300966,-0.6554731643386513,-0.23153852960946025,-1.9233514976612394,-0.49098222779766015,-2.180507121776067,-1.996767137938056
0.7499955802807624,-0.15156634209639977,-1.0714722265803487,0.5910758341340526,-1.4509085026313575,0.5495152939502876,-0.28609267458896664,-1.171304093425515
-0.30848112474324707,-0.5701551155488171,-0.5445400810741987,0.0975072158879449,0.00810662907857222,0.7714880985898498,0.9671353443194227,0.42959393229577675
-0.2798736462290846,-0.5851047146006891,-0.2533407375050107,-0.5880047538983159,-0.6866624812594895,-0.4632356272177149,-0.883561846394129,-0.3333340330870264
1.0789815831936302,1.044401582053364,0.3706578558575352,1.1669058887545116,0.022002011285333457,0.7576147982998772,-0.15494090516832126,-0.9086567610806157
0.4353133166249758,0.8201575962752833,0.9807898138120246,-0.13556685383938377,0.06368815790561716,-0.9626744376567298,-1.3935965052521946,-0.683530476213559
-1.395565308281419,-2.722897379018392,-1.5984043720864984,-1.287226963080302,-1.242477769529939,0.06394978380124533,-0.09665122987025665,0.22948167908061526
-1.1667054801681196,-0.3758103278744805,0.8421234597314587,-1.5751419903905313,0.7723526504504401,-1.4482399478057721,-0.3880996063605798,0.8548324703779948
1.2935376720498484,0.9846031858458758,0.2874580434091958,1.1394854099630614,-0.5477086591918772,0.5911351948202055,-1.0438584534638067,-1.6840917422893664
0.5783507091957879,0.9995527848977479,0.4399910328978181,1.2080366069416872,1.1058418234127099,1.215433707868974,1.7103287043697466,1.0174236761153135
-1.338350351253094,-0.5851047146006891,0.509324209938101,-0.5468740357111402,0.9946787657586199,0.14718958554108116,0.9379905066703904,1.1424938343747895
1.0217666261653053,1.6124863460245018,1.0362563554442508,1.4136901978775656,1.2725864098938446,0.9795876029394394,1.2002940455116813,0.4796219955995671
1.350752629078173,1.0294519830014919,0.24585813718502603,1.125775170567336,-0.7283486278797732,0.535641993660315,-0.9418515216921937,-1.721612789767209
-0.051013818115785294,-0.0020703515776793013,-0.10080774801638834,0.4265529613853501,0.5361311529354992,0.8824745009096309,1.2294388831607135,0.7422693279444665
-0.8663269557694142,-1.6166270491798604,-0.8773393308675566,-0.656555950876942,-0.4087548371242648,0.23042938728091697,0.38423859133877647,0.35455183734009116
-0.2226586892007598,-0.6598527098600494,-0.19787419587278438,-0.6291354720854915,-0.7005578634662507,-0.49098222779766015,-0.7669824957979998,-0.3208270172610788
-0.33708860325740947,0.5510648133415864,0.7727902826911759,0.31687104621954837,1.3281679387208896,0.4801487925004244,1.3168733961078105,1.217535929330475
0.5211357521674631,0.23712323325227347,-0.3920070915855764,0.7281782280913048,-0.42265021933102603,0.7159948974299593,0.29680407839167955,-0.45840419134650234
0.49252827365330065,0.6407624076528188,0.5231908453461576,0.01524577951359361,-0.01968413533495025,-0.8655613356269214,-1.4810310181992914,-0.7085445078654542
-0.26556990697200344,-1.0634918842605947,-0.41974036240168955,-1.108993850935874,-1.1452100940826102,-0.9349278370767845,-1.5976103687954206,-0.7085445078654542
0.5354394914245443,-0.7794495022750257,-1.7925372677992906,0.7830191856742057,-1.2702685339434614,1.3680400110586732,0.9088456690213581,-0.283305969783236
-0.0653175573728665,0.745409601015923,1.230389251157043,-0.7113969084598428,1.0919464412059485,-1.9338054579548143,-1.160437804059936,0.7547763437704141
-1.1810092194252009,-0.40570952597822457,0.8282568243234022,-1.5614317509948061,0.7723526504504401,-1.4482399478057721,-0.3735271875360636,0.87984650202989
0.6927806232524376,-0.12166714399265569,-1.0714722265803487,0.9475420584229083,-0.4643363659513098,1.1183206058391657,1.0399974384420034,0.029369425865453776
0.6355656662241127,0.012879247474192746,-1.0298723203561788,0.9064113402357326,-0.5060225125715935,0.993460903229412,0.9671353443194227,0.004355394213558593
-0.13683625365827254,0.14742563894104116,0.3706578558575352,-0.2863794871923611,0.35549118424760306,-0.3383759246079611,0.03450053955038876,0.35455183734009116
-2.9975841050745142,-2.3491574027215907,0.06559187688029056,-2.521148508695571,0.35549118424760306,-0.8378147350469761,0.13650747132200186,1.1550008502007372
0.5497432306816254,1.313494364987061,1.1887893449328732,0.6322065523212282,1.4393309963749794,0.036203183221300055,0.704831805478132,0.8923535178558376
0.8072105373090872,0.23712323325227347,-0.43360699780974615,0.9201215796314578,-0.45044098374454855,0.8963478011996036,0.22394198426909878,-0.5459533021281354
0.8787292335944933,1.2387463697277006,0.6479905640186667,1.2628775645245882,1.0780510589991874,1.0489541043893025,1.2731561396342619,0.6297061855109382
0.37809835959665095,1.2088471716239566,1.2442558865650994,0.1934788916580214,1.3420633209276507,-0.3245026243179885,0.5445351984084542,0.9799026286374708
0.32088340256832615,0.401568822822866,0.31519131422530894,0.17976865226229619,0.17485121555970703,-0.10252981967842631,-0.31523751223799895,-0.1582358115237601
0.6212619269670315,0.6706616057565629,-0.0037413001599923153,1.0846444523801604,0.6056080639693053,1.146067206419111,1.3460182337568427,0.5046360272514623
0.106327313712108,-0.8093487003787698,-1.0853388619884052,0.0975072158879449,-1.0757331830488042,0.3969089907605886,-0.12579606751928896,-0.4834182229983975
0.2922759240541637,0.3716696247191219,0.2735914080011392,0.16605841286657097,0.17485121555970703,-0.07478321909848104,-0.28609267458896664,-0.13322177987186493
-1.9963223570788298,-1.2727862709868034,0.25972477259308263,-1.5065907934119054,0.7723526504504401,-0.2551361228681253,0.6611145490045834,1.280071008460213
0.6355656662241127,-0.10671754494078363,-0.9328058724997829,0.5910758341340526,-1.311954680563745,0.7298681977199319,-0.3443823498870313,-1.2713602200330958
0.16354227074043284,0.9098551905865155,0.9391899075878548,0.4402632007810753,1.300377174307367,0.23042938728091697,0.9379905066703904,1.004916660289366
-0.4515185173140591,-0.6449031108081773,-0.5168068102580856,0.04266625830504404,0.022002011285333457,0.6050084951101782,0.9379905066703904,0.5921851380330955
0.3065796633112449,1.1041999782608523,1.063989626260364,0.2620300886366475,1.2725864098938446,-0.35224922489793375,0.4571006854613573,0.9173675495077328
0.2922759240541637,-0.27116313451137614,-0.600006622706425,0.0015355401178683943,-0.9784655076014754,0.06394978380124533,-0.694120401675419,-0.7835866028211397
-0.13683625365827254,-0.48045752123758484,-0.28107400832112384,-0.533163796315415,-0.6310809524324446,-0.3938691257678517,-0.9127066840431614,-0.345841048912974
0.7786030587949249,0.6557120067046908,0.051725241472233986,0.9886727766100839,0.18874659776646827,0.8131079994597677,0.6902593866536157,-0.08319371656807455
0.19214974925459524,-0.8242982994306419,-1.6400042783106683,0.4402632007810753,-1.0757331830488042,0.8963478011996036,0.6028248737065188,-0.3208270172610788
-0.8520232165123329,-1.6016774501279885,-0.8773393308675566,-0.656555950876942,-0.42265021933102603,0.2443026875708896,0.38423859133877647,0.34204482151414356
-0.3799998210286531,-0.6449031108081773,-0.48907353944197246,0.0015355401178683943,0.06368815790561716,0.5772618945302329,0.8797008313723258,0.4921290114255147
0.449617055882057,-0.4505583231338407,-0.6554731643386513,-0.2863794871923611,-1.9233514976612394,-0.4771089275076875,-2.1513622841270346,-1.971753106286161
1.3650563683352543,1.059351181105236,-0.22560746668889753,1.3040082827117638,-1.492594649251641,0.8131079994597677,-0.7524100769734836,-2.834737198276545
1.3650563683352543,1.059351181105236,0.23199150177696948,1.180616128150237,-0.6032901880189221,0.6605016962700687,-0.9564239405167099,-1.721612789767209
0.23506096702583887,0.4464176199784821,0.3429245850414221,0.4265529613853501,0.49444500631521543,0.3552890898906707,0.529962779583938,0.41708691646982915
-0.2798736462290846,-0.5701551155488171,-0.2533407375050107,-0.5742945145025906,-0.6866624812594895,-0.4632356272177149,-0.883561846394129,-0.3208270172610788
0.8072105373090872,0.6856112048084348,0.06559187688029056,1.0298034947972596,0.2860142732137969,0.8824745009096309,0.6319697113555511,-0.008151621612388998
1.2649301935356858,0.8949055915346436,0.06559187688029056,0.9201215796314578,-1.2980592983569839,0.23042938728091697,-1.5684655311463884,-2.472033739324065
-0.46582225657114035,-0.6598527098600494,-0.5029401748500291,0.04266625830504404,0.04979277569885592,0.5911351948202055,0.9234180878458742,0.6046921538590431
-1.0951867838827136,-0.3758103278744805,0.4815909391219878,-1.5751419903905313,0.6056080639693053,-1.5453530498355805,-0.5338237946057414,0.6797342488147285
-0.7662007809698457,-0.0020703515776793013,0.6202572932025535,0.028956018909318825,1.1614233522397548,0.49402209279039705,1.258583720809746,1.1675078660266847
0.7786030587949249,0.9696535867940038,0.7173237410589496,0.4676836795725257,0.3971773308678868,-0.2551361228681253,-0.4755341193076767,-0.24578492230539326
0.6641731447382752,-0.0319695496814234,-0.9882724141320092,0.9749625372143587,-0.478231748158071,1.2709269090288648,1.1420043702136167,0.029369425865453776
0.23506096702583887,0.8650063934308995,0.9807898138120246,-0.2589590084009107,0.9807833835518587,-0.9626744376567298,-0.1112236486947728,0.6797342488147285
0.2636684455400013,0.8799559924827715,0.9946564492200811,-0.23153852960946025,0.9946787657586199,-0.9765477379467025,-0.12579606751928896,0.6797342488147285
0.07771983519794558,0.41651842187473803,0.6618571994267233,-0.2863794871923611,0.6611895927963503,-0.6158419304074139,-0.3735271875360636,0.3170307898622484
0.5783507091957879,0.401568822822866,0.41225776208170495,-0.2726692477966359,-0.5477086591918772,-1.2540137437461552,-2.340803728845745,-1.171304093425515
0.7356918410236812,-0.48045752123758484,-1.4874712888220458,0.4402632007810753,-2.187363759589703,0.5633885942402602,-0.868989427569613,-1.909218027156423
0.8215142765661685,1.1639983744683404,0.3845244912655918,1.37255947969039,1.0363649123789036,1.3125468098987827,1.6374666102471658,0.8173114229001521
-1.1524017409110383,0.027828846526064793,1.2165226157489863,-2.3292051571554184,1.0919464412059485,-3.1546558834724063,-1.3644516676031622,1.004916660289366
1.2935376720498484,1.0294519830014919,-0.28107400832112384,1.3314287615032143,-1.4370131204245962,0.8963478011996036,-0.6649755640263867,-2.8722582457543875
-0.09392503588702893,0.11752644083729707,0.5925240223864404,-0.7388173872512932,0.2860142732137969,-1.1707739420063195,-1.0292860346392907,0.09190450499519173
1.2935376720498484,1.2387463697277006,0.4954575745300444,1.2765878039203133,-0.005788753128189014,0.7437414980099045,-0.12579606751928896,-0.9461778085584585
0.8787292335944933,0.2819720304078896,-0.48907353944197246,0.933831819027183,-0.5199178947783547,0.8547279003296856,0.2822316595671634,-0.558460317954083
0.6927806232524376,-0.5103567193413289,-1.4736046534139893,0.37171200380244923,-2.1734683773829415,0.41078229105056124,-0.9272791028676776,-1.846682948026685
0.9216404513657369,0.9547039877421317,0.8421234597314587,0.13863793407512054,-0.2003241040228463,-1.378873446355909,-2.7342590371076807,-1.3714163466406766
-1.3526540905101754,-0.5402559174450731,0.3845244912655918,-0.656555950876942,0.8974110903112913,0.11944298496113588,0.9088456690213581,1.0424377077672087
0.09202357445502679,0.5959136104972026,0.5647907515703273,0.49510415836397614,0.9668880013450974,0.5495152939502876,1.1711492078626489,0.8423254545520472
1.2077152365073611,1.343393563090805,0.6618571994267233,1.3588492402946648,0.5500265351422604,0.8686012006196583,0.427955847812325,-0.2958129856091836
0.7070843625095188,-0.4954071202894569,-1.4874712888220458,0.39913248259389966,-2.201259141796464,0.4246555913405339,-0.8981342652186453,-1.8591899638526326
0.6927806232524376,0.6108632095490747,0.12105841851251686,0.6184963129255031,-0.21421948622960754,0.25817598786086227,-0.21323058046638588,-0.6710234603876114
1.279233932792767,1.5377383507651416,1.230389251157043,0.7693089462784805,0.5361311529354992,-1.0597875396865382,-2.3262313100212286,-1.0712479668179344
-0.03671007885870409,-0.43560872408196866,0.01012533524806426,-0.8896300206042707,-1.006256272014998,-1.2123938428762373,-2.0639277711799378,-1.021219903514144
-2.082144792621317,-0.6748023089119214,1.0223897200361942,-2.7816430572143505,0.9668880013450974,-2.669090373323364,-0.868989427569613,1.129986818548842
0.7356918410236812,-0.07681834683703954,-0.9882724141320092,1.0160932554015343,-0.45044098374454855,1.2431803084489195,1.098287113740068,0.029369425865453776
0.5926544484528691,0.4314680209266101,-0.5861399872983685,1.05722397358871,0.1192696867326621,1.1738138069990562,1.3314458149323267,0.36705885316603876
-1.123794262396876,-0.4505583231338407,0.606390657794497,-1.5888522297862566,0.6611895927963503,-1.4621132480957448,-0.43181686283412823,0.6922412646406761
-1.1810092194252009,-0.39075992692635253,0.8143901889153456,-1.5614317509948061,0.7862480326572013,-1.4343666475157995,-0.3735271875360636,0.87984650202989
0.8215142765661685,1.2536959687795728,0.6341239286106102,1.2902980433160387,1.0780510589991874,1.0905740052592205,1.3314458149323267,0.6171991696849906
-0.29417738548616584,-0.5851047146006891,-0.26720737291306723,-0.6017149932940411,-0.6866624812594895,-0.4771089275076875,-0.9272791028676776,-0.3083200014351312
-0.29417738548616584,-0.5701551155488171,-0.26720737291306723,-0.5880047538983159,-0.6866624812594895,-0.4632356272177149,-0.9127066840431614,-0.3208270172610788
0.6355656662241127,0.8949055915346436,0.509324209938101,0.9064113402357326,0.7723526504504401,0.7576147982998772,0.9234180878458742,0.4671149797736195
0.17784600999751404,0.730460001964051,0.5231908453461576,0.549945115946877,0.9252018547248138,0.5633885942402602,1.083714694915552,0.8298184387260997
-1.338350351253094,-0.6000543136525612,0.35679122044947864,-0.5880047538983159,0.8974110903112913,0.11944298496113588,0.8797008313723258,1.0299306919412612
0.6927806232524376,0.5211656152378423,0.606390657794497,-0.2589590084009107,-0.478231748158071,-1.3233802451960184,-2.3262313100212286,-1.1212760301217246
0.8358180158232497,-0.21136473830388797,-1.0160056849481223,0.6184963129255031,-1.3675362093907901,0.646628395980096,-0.4026720251850959,-1.1212760301217246
-0.2798736462290846,-0.24126393640763205,-0.15627428964861464,-0.1629873326308342,0.03589739349209469,0.1610628858310538,0.340521334865228,0.3045237740363008
0.4782245343962194,0.8799559924827715,0.6341239286106102,0.74188846748703,0.8974110903112913,0.5633885942402602,0.8797008313723258,0.6046921538590431
0.993159147651143,1.5526879498170136,1.1471894387087034,1.1394854099630614,1.2309002632735608,0.45240219192047915,0.6611145490045834,0.4796219955995671
0.7356918410236812,-1.0036934880531065,-3.1653341731968916,1.0435137341929848,-2.326317581657315,1.451279812798509,0.8942732501968419,-0.7710795869951921
0.5640469699387067,-0.1665159411482718,-1.0576055911722921,0.49510415836397614,-1.47869926704488,0.4801487925004244,-0.25694783693993434,-1.208825140903358
0.20645348851167647,0.8949055915346436,0.9946564492200811,-0.149277093235109,1.0224695301721423,-1.0181676388166203,-0.19865816164186972,0.6422132013368858
0.49252827365330065,0.20722403514852936,-0.48907353944197246,0.7007577492998543,-0.4643363659513098,0.7159948974299593,0.22394198426909878,-0.558460317954083
0.8501217550803308,-0.19641513925201592,-1.0298723203561788,0.6322065523212282,-1.3814315915975512,0.646628395980096,-0.3880996063605798,-1.1337830459476723
-0.3943035602857343,-0.5701551155488171,-0.6138732581144817,0.13863793407512054,-0.033579517541711484,0.7576147982998772,1.0254250196174874,0.6422132013368858
0.8072105373090872,1.2387463697277006,0.9391899075878548,0.7144679886955796,0.9252018547248138,0.022329882931327417,0.29680407839167955,0.2920167582103532
-0.30848112474324707,-0.19641513925201592,-0.11467438342444491,-0.1904078114222846,0.04979277569885592,0.1610628858310538,0.340521334865228,0.34204482151414356
-0.30848112474324707,-1.0933910823643387,-0.5861399872983685,-1.108993850935874,-1.242477769529939,-0.879434635916894,-1.5976103687954206,-0.8086006344730349
-1.2525279157106068,-0.6299535117563053,0.39839112667364834,-0.4509023599410637,0.8974110903112913,0.23042938728091697,0.9088456690213581,1.0424377077672087
-1.4384765260526626,-0.8392478984825139,0.5231908453461576,-2.2606539601767923,0.25822350880027445,-2.183524863174322,-1.2770171546560654,0.4921290114255147
0.32088340256832615,1.059351181105236,1.258122521973156,-0.21782829021373504,1.1614233522397548,-1.0042943385266476,-0.15494090516832126,0.8173114229001521
1.0217666261653053,0.9098551905865155,0.03785860606417741,0.9612522978186334,-0.6866624812594895,0.3969089907605886,-0.7232652393244513,-1.5089935207261
0.6069581877099504,0.6706616057565629,0.01012533524806426,1.0709342129844353,0.6056080639693053,1.1321939061291384,1.3314458149323267,0.5046360272514623
-0.0653175573728665,-0.046919148733295446,0.03785860606417741,-0.012174699277856822,-0.047474899748472715,0.05007648351127269,-0.08207881104574048,0.05438345751734896
1.336448889821092,0.4763168180822262,-2.069869975960422,1.5507925918348178,-2.49306216813845,1.4790264133784543,0.4862455231103896,-2.4470197076721694
-0.46582225657114035,-1.198038275727443,-0.5722733518903119,-1.1364143297273244,-1.2146870051164165,-0.8655613356269214,-1.539320693497356,-0.6335024129097686
0.6212619269670315,0.8949055915346436,0.5231908453461576,0.8927011008400074,0.7862480326572013,0.7437414980099045,0.9234180878458742,0.4796219955995671
0.3924020988537322,1.1191495773127242,1.0501229908523073,0.22089937044947183,1.2309002632735608,-0.36612252518790644,0.529962779583938,0.8923535178558376
0.4067058381108134,1.0294519830014919,1.1194561678925903,-0.1629873326308342,1.064155676792426,-0.9488011373667572,-0.1112236486947728,0.7172552962925713
0.32088340256832615,-0.7196511060675376,-1.8896037156556866,0.5910758341340526,-1.3675362093907901,1.0628274046792752,0.806838737249745,-0.22077089065349806
-0.4086072995428155,-0.5701551155488171,-0.5722733518903119,0.04266625830504404,0.022002011285333457,0.7576147982998772,0.9525629254949066,0.4921290114255147
-0.9092381735406578,-1.497030256764884,-0.9744057787239526,-0.5880047538983159,-0.5616040413986384,0.383035690470616,0.47167310428587345,0.5796781222071479
0.19214974925459524,0.7902583981715392,1.0362563554442508,-0.7113969084598428,0.8557249436910075,-1.989298659114705,-1.0292860346392907,0.4671149797736195
-1.3240466119960128,-2.334207803669719,-1.3349382993334236,-1.1227040903315992,-1.006256272014998,0.0916963843811906,0.06364537719942107,0.35455183734009116
-1.3097428727389318,-0.5851047146006891,0.5925240223864404,-0.533163796315415,1.0919464412059485,0.2443026875708896,1.0254250196174874,1.3551131034158985
-0.30848112474324707,0.4314680209266101,0.7450570118750628,-0.12185661444365854,1.1336325878262323,-0.1718963211282895,0.7776938996007127,1.004916660289366
0.3637946203395698,0.6407624076528188,0.606390657794497,-0.012174699277856822,-0.07526566416199519,-0.8239414347570034,-1.4081689240767106,-0.7585725711692445
0.6927806232524376,1.044401582053364,0.9669231784039679,0.31687104621954837,0.5639219173490216,-0.421615726347797,-0.3880996063605798,-0.09570073239402214
0.9502479298798994,1.2387463697277006,0.6618571994267233,1.180616128150237,0.49444500631521543,0.7298681977199319,0.427955847812325,-0.345841048912974
-1.195312958682282,-0.4505583231338407,0.6757238348347798,-1.49288055401618,0.7584572682436789,-1.4759865483857173,-0.5338237946057414,1.0299306919412612
1.3078414113069294,0.4314680209266101,-2.069869975960422,1.4959516342519168,-2.5347483147587337,1.4374065125085365,0.44252826663684114,-2.4470197076721694
0.7642993195378436,-0.7644999032231538,-1.8202705386154037,0.8652806220485569,-1.2980592983569839,1.2431803084489195,0.8214111560742612,-0.345841048912974
0.049112356683783165,-1.0186430871049785,-1.1408054036206314,-0.3549306841709872,-1.895560733247717,-0.13027642025837158,-1.247872317007033,-1.3714163466406766
1.3650563683352543,1.044401582053364,0.23199150177696948,1.180616128150237,-0.6032901880189221,0.646628395980096,-0.9564239405167099,-1.721612789767209
0.5783507091957879,0.9846031858458758,0.9530565429959114,0.3031608068238231,0.4805496241084542,-0.3799958254778791,-0.4463892816586444,-0.14572879569781252
0.14923853148335162,-1.5418790539205003,-2.666135298506855,0.3854222431981744,-1.9789330264882843,1.104447305549193,0.5882524548820027,-0.42088314386865955
0.6927806232524376,0.745409601015923,0.6479905640186667,-0.012174699277856822,0.04979277569885592,-0.9349278370767845,-1.437313761725743,-0.6460094287357162
0.2779721847970825,-0.18146554020014388,-0.5445400810741987,0.41284272198962485,-0.33927792609045865,0.49402209279039705,0.32594891604071186,-0.13322177987186493
1.279233932792767,1.5377383507651416,1.230389251157043,0.7693089462784805,0.5361311529354992,-1.0597875396865382,-2.3262313100212286,-1.083754982643882
0.993159147651143,1.6274359450763738,1.2026559803409298,1.2217468463374126,1.4949125252020243,0.6050084951101782,1.1420043702136167,0.8173114229001521
0.6355656662241127,0.700560803860307,0.5509241161622707,0.028956018909318825,0.022002011285333457,-0.8933079362068667,-1.4956034370238076,-0.6960374920395066
-0.8949344342835766,-1.46713105866114,-0.9882724141320092,-0.5605842751068655,-0.5893948058121609,0.41078229105056124,0.5153903607594219,0.5546640905552527
0.42100957736789457,1.1490487754164684,1.0778562616684206,0.24831984924092226,1.2447956454803222,-0.36612252518790644,0.5153903607594219,0.8923535178558376
-1.2525279157106068,-0.6000543136525612,0.5370574807542141,-0.4920330781282394,1.0363649123789036,0.29979588873078017,1.0108526007929712,1.3050850401121081
0.2636684455400013,-0.854197497534386,-1.9866701635120825,0.5225246371554266,-1.2285823873231776,0.9240944017795488,0.7776938996007127,-0.20826387482755046
-0.6803783454273584,0.08762724273355298,0.8559900951395154,-0.7113969084598428,1.0085741479653811,-0.7129550324372224,0.26765924074264724,0.9548885969855756
-0.5087334743423839,-0.36086072882260845,0.23199150177696948,-0.9444709781871715,0.00810662907857222,-0.8378147350469761,-0.5483962134302575,0.20446764742872006
1.1934114972502798,1.1938975725720844,0.4954575745300444,1.1669058887545116,-0.07526566416199519,0.5911351948202055,-0.09665122987025665,-0.9336707927325109
0.37809835959665095,0.9995527848977479,0.9669231784039679,0.48139391896825096,1.2864817921006058,0.17493618612102643,0.7485490619516804,0.8298184387260997
-2.725813059189971,-1.8857198321135573,0.12105841851251686,-2.2195232419896165,0.45275885969493174,-0.7129550324372224,0.3113764972161957,1.0799587552450516
0.2493647062829201,1.044401582053364,1.0223897200361942,0.20718913105374662,1.2447956454803222,-0.3383759246079611,0.47167310428587345,0.9173675495077328
0.7070843625095188,0.745409601015923,0.6479905640186667,0.01524577951359361,0.03589739349209469,-0.9210545367868119,-1.4518861805502592,-0.6585164445616638
0.6927806232524376,1.1490487754164684,0.7866569180992324,1.0160932554015343,1.175318734446516,0.8131079994597677,1.2294388831607135,0.7672833595963617
0.17784600999751404,0.730460001964051,0.5370574807542141,0.549945115946877,0.9252018547248138,0.5633885942402602,1.083714694915552,0.8298184387260997
-0.23696242845784102,-1.0485422852087227,-0.405873726993633,-1.1227040903315992,-1.131314711875849,-0.9210545367868119,-1.5976103687954206,-0.6960374920395066
-0.051013818115785294,0.012879247474192746,-0.11467438342444491,0.4539734401768005,0.522235770728738,0.8963478011996036,1.2440113019852297,0.7297623121185189
0.37809835959665095,-1.452181459609268,-2.527468944426289,0.5088143977597014,-1.9372468798680007,1.2015604075790016,0.5591076172329703,-0.558460317954083
0.649869405481194,-0.07681834683703954,-0.960539143315896,0.6047860735297779,-1.3397454449772677,0.7576147982998772,-0.31523751223799895,-1.296374251684991
-0.30848112474324707,0.730460001964051,1.4522554176859481,-1.6574034267648827,1.2725864098938446,-3.3766286881119685,-1.5684655311463884,0.9548885969855756
-1.2954391334818505,-0.555205516496945,0.25972477259308263,-0.6428457114812167,0.827934179277485,0.2026827867009717,0.9234180878458742,1.0299306919412612
-0.00810260034454167,0.11752644083729707,-0.2394741020969541,0.5225246371554266,0.34159580204084183,0.9795876029394394,1.2440113019852297,0.6547202171628334
-0.12253251440119134,0.17732483704478527,0.31519131422530894,-0.2589590084009107,0.2860142732137969,-0.31062932402801585,0.07821779602393722,0.3045237740363008
-1.1094905231397947,-0.43560872408196866,0.6202572932025535,-1.5888522297862566,0.647294210589589,-1.4759865483857173,-0.4463892816586444,0.6922412646406761
0.13493479222627042,0.5062160161859703,0.3845244912655918,0.6047860735297779,0.8974110903112913,0.7714880985898498,1.2002940455116813,0.8673394862039424
-1.5529064401093122,-0.854197497534386,0.7173237410589496,-2.2606539601767923,0.4388634774881705,-2.100285061434486,-1.1312929664109037,0.7547763437704141
0.16354227074043284,0.9995527848977479,1.327455699013439,-0.1904078114222846,1.2864817921006058,-0.990421038236675,-0.21323058046638588,0.9548885969855756
0.6212619269670315,0.6706616057565629,-0.03147457097610547,1.0983546917758855,0.5917126817625441,1.2015604075790016,1.4043079090549073,0.5171430430774099
-0.9092381735406578,-1.511979855816756,-0.8912059662756131,-0.38235116296243765,-0.18642872181608508,0.7021215971399867,0.996280181968455,0.7547763437704141
0.9788554083940617,1.6274359450763738,1.2165226157489863,1.2080366069416872,1.5227032896155468,0.5772618945302329,1.1565767890381327,0.8548324703779948
0.4067058381108134,1.1340991763645962,1.063989626260364,0.23460960984519705,1.2309002632735608,-0.36612252518790644,0.5153903607594219,0.8923535178558376
-0.26556990697200344,0.4763168180822262,0.7727902826911759,-0.10814637504793333,1.1336325878262323,-0.19964292170823478,0.7339766431271643,0.9924096444634184
0.9073367121086557,-0.7495503041712817,-2.84640155881159,1.1531956493587865,-1.9789330264882843,1.5206463142483722,0.9817077631439389,-0.7085445078654542
-0.6946820846844397,0.04277844557793684,0.5786573869783839,-0.7662378660427437,0.8140387970707238,-0.7545749333071402,0.10736263367296954,0.8048044070742045
0.17784600999751404,-0.0319695496814234,0.051725241472233986,-0.03959517806930725,-0.005788753128189014,-0.019290017938590493,-0.06750639222122433,0.029369425865453776
0.06341609594086438,-1.5568286529723723,-2.638402027690742,0.31687104621954837,-1.9511422620747618,0.9795876029394394,0.529962779583938,-0.45840419134650234
0.42100957736789457,-0.10671754494078363,-1.0160056849481223,0.7555987068827552,-0.478231748158071,0.9240944017795488,0.9525629254949066,0.04187644169140137
0.4353133166249758,0.8201575962752833,0.7173237410589496,0.3031608068238231,0.3971773308678868,-0.3245026243179885,-0.4755341193076767,-0.20826387482755046
0.8930329728515745,0.9397543886902597,0.8143901889153456,0.12492769467939534,-0.22811486843636877,-1.378873446355909,-2.7342590371076807,-1.3714163466406766
-1.1380980016539572,-1.46713105866114,-0.1285410188325015,-2.068710608636639,-0.7144532456730119,-1.7118326533152521,-1.7870518135141307,-0.10820774821996973
-2.1822709674208856,-1.3923830634017798,0.3845244912655918,-1.4106191176418288,0.7862480326572013,-0.31062932402801585,0.5445351984084542,1.1174798027228943
-3.29796262947322,-2.5734013884996716,-0.04534120638416204,-2.000159411658013,0.6889803572098727,0.06394978380124533,0.9817077631439389,1.4176481825456364
0.6355656662241127,0.3118712285116337,-0.32267391454529354,0.7555987068827552,-0.38096407271074234,0.688248296850014,0.23851440309361494,-0.4959252388243451
-0.46582225657114035,-1.183088676675571,-0.5445400810741987,-1.1227040903315992,-1.2007916229096551,-0.8516880353369487,-1.5247482746728398,-0.620995397083821
-0.022406339601622877,-0.6000543136525612,-0.1840075604647278,-0.6428457114812167,-0.6449763346392058,-0.49098222779766015,-0.8106997522715482,-0.35834806473892156
0.03480861742670196,-1.5717782520242443,-2.6522686630987984,0.3031608068238231,-1.9650376442815232,0.9518410023594941,0.5008179419349057,-0.4709112071724499
0.49252827365330065,0.9547039877421317,0.4815909391219878,1.125775170567336,1.1336325878262323,1.1738138069990562,1.6957562855452306,1.0549447235931564
0.7356918410236812,0.2520728323041455,-0.4613402686258593,0.9064113402357326,-0.49212713036483224,0.9379677020695214,0.26765924074264724,-0.5959813654319258
-1.1380980016539572,-1.452181459609268,-0.1285410188325015,-2.068710608636639,-0.7144532456730119,-1.6979593530252797,-1.7870518135141307,-0.10820774821996973
0.5640469699387067,-0.1665159411482718,-1.0576055911722921,0.49510415836397614,-1.47869926704488,0.4801487925004244,-0.2423754181154182,-1.208825140903358
-1.3240466119960128,-0.6150039127044332,0.3290579496333655,-0.5605842751068655,0.8557249436910075,0.1610628858310538,0.8651284125478096,1.004916660289366
0.6641731447382752,-0.07681834683703954,-0.960539143315896,0.6184963129255031,-1.3397454449772677,0.7576147982998772,-0.31523751223799895,-1.296374251684991
-1.2954391334818505,-0.555205516496945,0.2735914080011392,-0.6428457114812167,0.8418295614842463,0.18880948641099907,0.9234180878458742,1.0424377077672087
0.4067058381108134,0.5062160161859703,0.3845244912655918,0.4265529613853501,0.5083403885219767,0.34141578960069807,0.4862455231103896,0.3045237740363008
0.649869405481194,0.6258128086009467,-0.04534120638416204,0.9749625372143587,0.1609558333529458,0.8547279003296856,0.7339766431271643,-0.08319371656807455
-0.09392503588702893,0.20722403514852936,0.2874580434091958,-0.23153852960946025,0.24432812659351322,-0.2828827234480706,0.1219350524974857,0.267002726558458
-1.4241727867955813,-0.8242982994306419,0.6618571994267233,-2.2469437207810667,0.3832819486611256,-2.1557782625943767,-1.160437804059936,0.6422132013368858
1.0789815831936302,1.044401582053364,0.35679122044947864,1.180616128150237,0.022002011285333457,0.7714880985898498,-0.1403684863438051,-0.9086567610806157
0.049112356683783165,0.7155104029121789,1.327455699013439,-1.2049655267059505,0.8974110903112913,-2.6968369739033093,-1.8599139076367115,0.4671149797736195
-0.051013818115785294,-0.0020703515776793013,-0.10080774801638834,0.4402632007810753,0.5361311529354992,0.8824745009096309,1.2294388831607135,0.7422693279444665
-0.4086072995428155,-1.0784414833124667,-0.47520690403391586,-1.0678631327486985,-1.2007916229096551,-0.8239414347570034,-1.4956034370238076,-0.683530476213559
-0.6946820846844397,-0.017019950629551348,0.5786573869783839,-0.7388173872512932,0.8557249436910075,-0.6990817321472497,0.20936956544458263,0.8048044070742045
-1.9963223570788298,-1.3923830634017798,0.30132467881725233,-1.4517498358290044,0.7862480326572013,-0.2551361228681253,0.6902593866536157,1.3926341508937414
-0.7375933024556833,0.012879247474192746,0.4815909391219878,-0.025884938673582037,1.0502602945856647,0.4662754922104518,1.2294388831607135,1.0799587552450516
-0.7948082594840081,0.012879247474192746,0.6618571994267233,0.0015355401178683943,1.1892141166532773,0.4662754922104518,1.258583720809746,1.1925218976785799
1.1934114972502798,0.41651842187473803,-1.2794717577011971,1.1394854099630614,-2.395794492691121,0.9657143026494668,-0.694120401675419,-2.9848213881879158
0.049112356683783165,0.9995527848977479,1.1749227095248165,0.358001764406724,1.5782848184425917,0.10556968467116323,1.0545698572665196,1.2550569768083177
-0.6660746061702773,0.3268208275635057,1.0223897200361942,-0.6702661902726672,1.2447956454803222,-0.7961948341770582,0.29680407839167955,1.092465771070999
0.17784600999751404,0.730460001964051,0.5231908453461576,0.549945115946877,0.9113064725180525,0.5633885942402602,1.083714694915552,0.8298184387260997
0.06341609594086438,-1.0036934880531065,-1.1408054036206314,-0.3549306841709872,-1.9094561154544782,-0.13027642025837158,-1.2332998981825167,-1.3714163466406766
0.106327313712108,0.9248047896383876,0.9114566367717416,0.8378601432571066,1.5365986718223081,0.9657143026494668,1.7103287043697466,1.3801271350677937
-0.9092381735406578,-1.46713105866114,-0.9882724141320092,-0.5742945145025906,-0.5754994236053996,0.3969089907605886,0.5008179419349057,0.5546640905552527
0.9359441906228181,0.8500567943790274,0.03785860606417741,0.9475420584229083,-0.7144532456730119,0.4662754922104518,-0.7232652393244513,-1.909218027156423
0.03480861742670196,1.01450238394962,1.1887893449328732,0.358001764406724,1.592180200649353,0.0916963843811906,1.0691422760910358,1.2675639926342654
0.4639207951391382,0.17732483704478527,-0.4613402686258593,0.673337270508404,-0.4365456015377873,0.688248296850014,0.19479714662006647,-0.5334462863021878
0.4067058381108134,-1.3176350681424194,-2.472002402794063,0.2757403280323727,-2.6598067546195847,0.7576147982998772,-0.4172444440096121,-1.421444409944467
-3.827200981985224,-1.8707702330616853,0.6895904702428365,-2.1646822844067155,1.3420633209276507,-0.11640311996839896,1.2731561396342619,1.6802955148905359
0.8787292335944933,0.29692162945976164,-0.5029401748500291,0.933831819027183,-0.5199178947783547,0.8547279003296856,0.2822316595671634,-0.558460317954083
0.8215142765661685,0.2520728323041455,-0.4474736332178027,0.9475420584229083,-0.478231748158071,0.9102211014895761,0.2530868219181311,-0.558460317954083
0.5497432306816254,0.9995527848977479,0.9530565429959114,0.28945056742809794,0.4805496241084542,-0.40774242605782435,-0.4463892816586444,-0.13322177987186493
0.792906798052006,0.35672002566724986,-0.5306734456661422,0.9064113402357326,-0.5754994236053996,0.7853613988798225,0.32594891604071186,-0.5834743496059782
-1.2525279157106068,-0.5701551155488171,0.20425823096085632,-0.6017149932940411,0.8001434148639626,0.23042938728091697,0.9088456690213581,0.9799026286374708
-1.3097428727389318,-0.5851047146006891,0.5786573869783839,-0.533163796315415,1.0780510589991874,0.25817598786086227,1.0254250196174874,1.342606087589951
0.8930329728515745,0.8201575962752833,0.3429245850414221,0.8241499038613813,-0.6727670990527282,0.28592258844080753,-0.9564239405167099,-1.846682948026685
1.3221451505640107,1.2387463697277006,0.5231908453461576,1.1531956493587865,-0.8395116855338631,0.29979588873078017,-1.816196651163163,-2.7346810716689642
1.0217666261653053,1.3882423602464211,0.703457105650893,1.317718522107489,0.7723526504504401,0.8686012006196583,0.7776938996007127,0.05438345751734896
0.6212619269670315,0.6706616057565629,-0.0037413001599923153,1.0846444523801604,0.6056080639693053,1.1321939061291384,1.3460182337568427,0.5046360272514623
-2.311004620734616,-1.2428870728830592,0.2874580434091958,-1.6025624691819818,0.7167711216233952,-0.49098222779766015,0.5591076172329703,1.0174236761153135
-1.1810092194252009,-0.39075992692635253,0.8282568243234022,-1.5614317509948061,0.7723526504504401,-1.4482399478057721,-0.3735271875360636,0.87984650202989
0.34949088108248855,-1.3923830634017798,-2.4581357673860063,0.24831984924092226,-2.5764344613790175,0.7576147982998772,-0.3880996063605798,-1.421444409944467
0.8787292335944933,0.26702243135601755,-0.47520690403391586,0.9201215796314578,-0.5060225125715935,0.8547279003296856,0.2530868219181311,-0.5459533021281354
-0.051013818115785294,0.04277844557793684,-0.15627428964861464,0.49510415836397614,0.46665424190169297,0.8686012006196583,1.2440113019852297,0.7047482804666237
0.8644254943374121,0.3716696247191219,0.07945851228834713,0.1934788916580214,-1.311954680563745,-0.5880953298274686,-2.4136658229683254,-2.2344004386310603
-0.3943035602857343,-1.0784414833124667,-0.47520690403391586,-1.0678631327486985,-1.2007916229096551,-0.8100681344670309,-1.4956034370238076,-0.6710234603876114
0.13493479222627042,0.7155104029121789,1.2026559803409298,-1.108993850935874,0.7723526504504401,-2.669090373323364,-1.8890587452857437,0.32953780568819596
0.03480861742670196,0.9995527848977479,1.1887893449328732,0.358001764406724,1.592180200649353,0.10556968467116323,1.0691422760910358,1.2675639926342654
0.9788554083940617,-0.017019950629551348,-1.0160056849481223,0.8652806220485569,-1.4092223560110737,0.8963478011996036,-0.25694783693993434,-1.3338952991628337
-0.4801259958282216,-0.6748023089119214,-0.4474736332178027,0.0015355401178683943,0.14706045114618457,0.646628395980096,0.996280181968455,0.6797342488147285
-1.1524017409110383,-0.3758103278744805,0.8559900951395154,-1.5751419903905313,0.7723526504504401,-1.4621132480957448,-0.4026720251850959,0.8423254545520472
-1.5529064401093122,-0.8691470965862581,0.7173237410589496,-2.2606539601767923,0.4388634774881705,-2.100285061434486,-1.1312929664109037,0.7672833595963617
0.16354227074043284,0.9098551905865155,0.9530565429959114,0.4402632007810753,1.300377174307367,0.21655608699094434,0.9379905066703904,1.0174236761153135
-1.2239204371964445,-0.4206591250300966,0.3706578558575352,-0.6291354720854915,0.827934179277485,-0.060909918808508406,0.7631214807761966,1.0549447235931564
-0.49442973508530275,-0.3010623326151203,0.051725241472233986,-0.39606140235816284,0.17485121555970703,0.00845658264135478,0.47167310428587345,0.4421009481217243
1.3078414113069294,0.4314680209266101,-2.069869975960422,1.5096618736476421,-2.5208529325519726,1.451279812798509,0.4571006854613573,-2.4470197076721694
-1.2096166979393632,-0.4206591250300966,0.35679122044947864,-0.6154252326897663,0.8001434148639626,-0.060909918808508406,0.7485490619516804,1.0424377077672087
0.5497432306816254,0.9547039877421317,0.6757238348347798,0.7693089462784805,0.9807833835518587,0.5217686933703424,0.7485490619516804,0.5546640905552527
0.03480861742670196,-1.5717782520242443,-2.6522686630987984,0.3031608068238231,-1.9650376442815232,0.9657143026494668,0.5008179419349057,-0.4709112071724499
0.9073367121086557,0.8201575962752833,0.3290579496333655,0.8241499038613813,-0.6727670990527282,0.28592258844080753,-0.9564239405167099,-1.846682948026685
-2.9260654087891083,-1.2727862709868034,0.8421234597314587,-2.959876169358778,0.9946787657586199,-1.9754253588247324,-0.16951332399283742,1.3050850401121081
0.8930329728515745,0.3118712285116337,-0.5168068102580856,0.9475420584229083,-0.5338132769851159,0.8686012006196583,0.29680407839167955,-0.558460317954083
-2.5541681881049967,-2.872393369537112,-0.8218727892353302,-1.616272708577707,-0.005788753128189014,0.29979588873078017,0.8505559937232935,1.1424938343747895
0.6641731447382752,0.38661922377099395,-0.5168068102580856,1.05722397358871,0.14706045114618457,1.146067206419111,1.2731561396342619,0.34204482151414356
0.9645516691369805,0.8650063934308995,0.2181248663689129,0.8789908614442822,-0.7978255389135794,0.34141578960069807,-0.8544170087450967,-1.909218027156423
-0.051013818115785294,-0.40570952597822457,-0.1285410188325015,-0.39606140235816284,-0.4365456015377873,-0.31062932402801585,-0.6212583075528383,-0.2707989539572884
0.16354227074043284,0.8351071953271554,1.1887893449328732,-0.5605842751068655,0.9946787657586199,-1.6147195512854438,-0.9855687781657422,0.5046360272514623
0.2779721847970825,0.4763168180822262,0.41225776208170495,0.3854222431981744,0.5083403885219767,0.29979588873078017,0.5008179419349057,0.35455183734009116
0.22075722776875767,0.04277844557793684,0.12105841851251686,-0.2589590084009107,-0.2836963972634137,-0.5187288283776055,-1.0292860346392907,-0.4834182229983975
0.7070843625095188,-0.8242982994306419,-1.8618704448395733,0.8652806220485569,-1.2702685339434614,1.29867350960881,0.8651284125478096,-0.3083200014351312
-0.26556990697200344,-1.0784414833124667,-0.41974036240168955,-1.108993850935874,-1.1591054762893716,-0.9488011373667572,-1.6121827876199368,-0.7210515236914018
0.5926544484528691,0.5959136104972026,0.023991970656120836,0.8927011008400074,0.2026419799732295,0.7714880985898498,0.6902593866536157,-0.03316565326428418
-3.4696075005581943,-1.7212742425429648,0.703457105650893,-2.6582509026528234,1.0780510589991874,-1.0042943385266476,0.5153903607594219,1.4801832616753745
0.449617055882057,0.8052079972234113,0.9669231784039679,-0.12185661444365854,0.04979277569885592,-0.9349278370767845,-1.4081689240767106,-0.6960374920395066
-1.2525279157106068,-0.6299535117563053,0.41225776208170495,-0.46461259933678895,0.9113064725180525,0.21655608699094434,0.9088456690213581,1.0549447235931564
-2.039233574850073,-1.2578366719349312,0.2874580434091958,-1.547721511599081,0.7862480326572013,-0.2967560237380432,0.6902593866536157,1.3175920559380558
0.9645516691369805,0.3118712285116337,-0.9882724141320092,1.0983546917758855,-1.2146870051164165,1.0489541043893025,0.2530868219181311,-1.2463461883812006
-0.10822877514411013,0.5211656152378423,1.1887893449328732,-1.232386005497401,0.7862480326572013,-2.6552170730333917,-1.9473484205838085,0.4421009481217243
1.0360703654223866,0.8949055915346436,0.06559187688029056,1.0023830160058091,-0.6171855702256833,0.535641993660315,-0.8252721710960644,-1.82166891637479
0.20645348851167647,-0.8242982994306419,-1.6538709137187249,0.4539734401768005,-1.0757331830488042,0.9240944017795488,0.6319697113555511,-0.3208270172610788
0.2493647062829201,0.8650063934308995,0.9807898138120246,-0.24524876900518547,0.9946787657586199,-0.9626744376567298,-0.1112236486947728,0.6797342488147285
0.5497432306816254,0.9995527848977479,0.9669231784039679,0.2757403280323727,0.49444500631521543,-0.421615726347797,-0.43181686283412823,-0.13322177987186493
0.5497432306816254,1.328443964038933,1.2026559803409298,0.6322065523212282,1.4532263785817408,0.022329882931327417,0.704831805478132,0.8923535178558376
0.6212619269670315,0.7155104029121789,0.5786573869783839,0.0015355401178683943,0.03589739349209469,-0.9071812364968392,-1.4518861805502592,-0.683530476213559
0.7070843625095188,-0.8392478984825139,-1.87573708024763,0.8652806220485569,-1.2563731517367,1.29867350960881,0.8651284125478096,-0.3083200014351312
0.993159147651143,-0.13661674304452773,-2.0005367989201392,1.0298034947972596,-2.6598067546195847,1.0767007049692479,-0.28609267458896664,-2.4220056760202744
-1.3526540905101754,-2.3491574027215907,-1.2656051222931406,-1.2049655267059505,-0.8811978321541468,-0.03316331822856313,-0.009216716923159708,0.34204482151414356
-0.8520232165123329,0.08762724273355298,0.9669231784039679,-0.6976866690641176,1.1336325878262323,-0.6574618312773318,0.41338342898780883,1.1675078660266847
0.03480861742670196,0.11752644083729707,-0.26720737291306723,0.6047860735297779,0.3277004198340806,0.9240944017795488,1.258583720809746,0.7047482804666237
0.22075722776875767,0.8201575962752833,1.2026559803409298,-0.8484993024170949,0.9807833835518587,-2.01704525969465,-1.0001411969902583,0.5421570747293051
0.7070843625095188,1.1938975725720844,1.0362563554442508,0.6047860735297779,0.8974110903112913,-0.019290017938590493,0.29680407839167955,0.3045237740363008
0.8215142765661685,0.4763168180822262,-0.4613402686258593,1.1669058887545116,0.1609558333529458,1.2570536087388922,1.258583720809746,0.3170307898622484
0.6355656662241127,-0.09176794588891159,-0.7664062476031039,0.6047860735297779,-1.0618378008420428,0.6050084951101782,-0.25694783693993434,-1.021219903514144
0.02050487816962075,0.7155104029121789,1.0085230846281377,-0.6428457114812167,0.8835157081045301,-1.8783122567949238,-1.0292860346392907,0.5921851380330955
1.3936638468494167,1.074300780157108,0.2181248663689129,1.2080366069416872,-0.6310809524324446,0.6743749965600414,-0.9272791028676776,-1.7341198055931568
0.16354227074043284,0.9696535867940038,1.5077219593181743,-0.7662378660427437,1.2309002632735608,-1.9338054579548143,-1.0584308722883229,0.8048044070742045
0.2779721847970825,0.8949055915346436,1.0085230846281377,-0.20411805081800982,1.0085741479653811,-0.990421038236675,-0.1403684863438051,0.667227232988781
0.3924020988537322,0.5062160161859703,0.3706578558575352,0.4265529613853501,0.5083403885219767,0.32754248931072544,0.47167310428587345,0.3170307898622484
0.13493479222627042,0.49126641713409824,0.3845244912655918,0.6184963129255031,0.9113064725180525,0.7992346991697951,1.2148664643361973,0.87984650202989
1.0360703654223866,0.8799559924827715,0.07945851228834713,1.0023830160058091,-0.6171855702256833,0.5217686933703424,-0.8252721710960644,-1.82166891637479
0.3065796633112449,1.044401582053364,1.2442558865650994,-0.23153852960946025,1.1475279700329934,-1.0042943385266476,-0.15494090516832126,0.8173114229001521
0.2922759240541637,0.9248047896383876,1.0223897200361942,-0.17669757202655942,1.0363649123789036,-0.990421038236675,-0.1403684863438051,0.667227232988781
1.1648040187361175,0.7902583981715392,-0.1285410188325015,0.9201215796314578,-1.3397454449772677,0.3552890898906707,-1.4664585993747752,-2.5720898659316456
-2.0535373141071545,-1.4222822615055237,0.4261243974897615,-1.3969088782461037,0.7445618860369176,-0.3245026243179885,0.5736800360574865,1.217535929330475
-0.022406339601622877,0.11752644083729707,-0.22560746668889753,0.5088143977597014,0.35549118424760306,0.9795876029394394,1.2440113019852297,0.667227232988781
-1.5242989615951499,-2.8574437704852405,-1.6677375491267814,-0.9581812175828966,-0.7839301567068182,0.5911351948202055,0.7485490619516804,0.7422693279444665
0.7786030587949249,-0.12166714399265569,-1.0853388619884052,0.6047860735297779,-1.47869926704488,0.5772618945302329,-0.25694783693993434,-1.1963181250774102
0.37809835959665095,-0.12166714399265569,-1.1130721328045183,0.8241499038613813,-0.4087548371242648,1.0905740052592205,1.185721626687165,0.24198869490656286
0.9502479298798994,0.29692162945976164,-0.9882724141320092,1.0709342129844353,-1.2146870051164165,1.0212075038093573,0.22394198426909878,-1.2463461883812006
1.4222713253635793,1.2985447659351887,0.07945851228834713,1.6193437888134439,-0.6032901880189221,1.2848002093188373,-0.08207881104574048,-2.059302217067794
0.049112356683783165,0.8799559924827715,0.8282568243234022,0.7830191856742057,1.4532263785817408,0.9102211014895761,1.652039029071682,1.2300429451564225
-0.3799998210286531,0.49126641713409824,0.9391899075878548,-0.12185661444365854,1.2309002632735608,-0.18576962141826214,0.7485490619516804,1.0674517394191039
-0.03671007885870409,-0.43560872408196866,-0.0037413001599923153,-0.8896300206042707,-1.006256272014998,-1.2123938428762373,-2.0639277711799378,-1.021219903514144
-0.43721477805697795,0.14742563894104116,0.6895904702428365,-0.5194535569196898,0.7862480326572013,-0.6019686301174413,0.06364537719942107,0.7297623121185189
0.6927806232524376,-0.10671754494078363,-1.0576055911722921,0.9475420584229083,-0.4643363659513098,1.104447305549193,1.0399974384420034,0.029369425865453776
-0.5087334743423839,-0.7047015070156656,-0.47520690403391586,0.05637649770076925,0.18874659776646827,0.7437414980099045,1.1420043702136167,0.7672833595963617
-1.338350351253094,-0.6000543136525612,0.4815909391219878,-0.6428457114812167,1.0780510589991874,0.21655608699094434,1.0691422760910358,1.3801271350677937
0.7070843625095188,-0.12166714399265569,-1.0437389557642354,1.0023830160058091,-0.4365456015377873,1.2848002093188373,1.1565767890381327,0.07939748916924415
0.7356918410236812,-1.0036934880531065,-3.179200808604948,1.0435137341929848,-2.326317581657315,1.4651531130884816,0.8942732501968419,-0.7835866028211397
0.5068320129103818,0.6407624076528188,0.509324209938101,0.01524577951359361,-0.01968413533495025,-0.8655613356269214,-1.4810310181992914,-0.7085445078654542
0.2779721847970825,-0.8392478984825139,-1.9589368926959694,0.5225246371554266,-1.2563731517367,0.8963478011996036,0.7631214807761966,-0.22077089065349806
0.8072105373090872,0.745409601015923,0.7173237410589496,0.0015355401178683943,-0.01968413533495025,-0.9488011373667572,-1.4227413429012268,-0.6084883812578734
0.6355656662241127,1.044401582053364,1.0223897200361942,0.2757403280323727,0.6056080639693053,-0.49098222779766015,-0.35895476871154747,-0.04567266909023177
-0.49442973508530275,-0.6897519079637935,-0.4613402686258593,0.028956018909318825,0.17485121555970703,0.7159948974299593,1.083714694915552,0.7297623121185189
1.2363227150215235,1.1490487754164684,0.45385766830587465,1.249167325128863,0.06368815790561716,0.8269812997497403,-0.1403684863438051,-0.8961497452546681
0.3065796633112449,1.1938975725720844,1.2719891573812125,0.24831984924092226,1.411540231961457,-0.3799958254778791,0.427955847812325,1.0674517394191039
-0.8949344342835766,-1.511979855816756,-0.8773393308675566,-0.39606140235816284,-0.2003241040228463,0.6743749965600414,0.9817077631439389,0.7422693279444665
-1.2668316549676881,-0.6150039127044332,0.4261243974897615,-0.46461259933678895,0.9113064725180525,0.21655608699094434,0.9088456690213581,1.0549447235931564
0.792906798052006,1.2387463697277006,0.9530565429959114,0.7144679886955796,0.939097236931575,0.022329882931327417,0.29680407839167955,0.3045237740363008
0.6212619269670315,0.8949055915346436,0.5231908453461576,0.8927011008400074,0.7862480326572013,0.7298681977199319,0.9234180878458742,0.4921290114255147
0.5640469699387067,0.7902583981715392,0.8559900951395154,-0.03959517806930725,-0.033579517541711484,-0.8933079362068667,-1.4081689240767106,-0.6960374920395066
0.5354394914245443,-0.21136473830388797,-1.0298723203561788,0.4676836795725257,-1.4648038848381186,0.4662754922104518,-0.2715202557644505,-1.1963181250774102
1.4365750646206603,0.6258128086009467,-2.014403434328196,1.6741847463963446,-2.368003728277599,1.645506016858126,0.6319697113555511,-2.4470197076721694
0.049112356683783165,0.401568822822866,0.31519131422530894,0.6596270311126787,0.9668880013450974,0.9795876029394394,1.4917424220020044,1.0299306919412612
0.9645516691369805,1.6274359450763738,1.2165226157489863,1.194326367545962,1.5227032896155468,0.5772618945302329,1.1565767890381327,0.8673394862039424
0.2636684455400013,0.8949055915346436,0.9946564492200811,-0.21782829021373504,1.0085741479653811,-0.9765477379467025,-0.12579606751928896,0.667227232988781
-0.9378456520548202,-0.39075992692635253,0.8282568243234022,-2.2058130025938913,0.34159580204084183,-2.821696676513063,-1.9764932582328407,0.41708691646982915
1.2220189757644422,1.358343162142677,0.6618571994267233,1.37255947969039,0.5500265351422604,0.8824745009096309,0.44252826663684114,-0.2958129856091836
0.3637946203395698,1.2088471716239566,1.230389251157043,0.1934788916580214,1.3420633209276507,-0.3245026243179885,0.5445351984084542,0.9799026286374708
0.649869405481194,0.012879247474192746,-1.0298723203561788,0.9064113402357326,-0.5060225125715935,0.993460903229412,0.9671353443194227,-0.008151621612388998
0.6069581877099504,-0.046919148733295446,-1.0576055911722921,0.9064113402357326,-0.478231748158071,1.0212075038093573,1.0399974384420034,0.05438345751734896
-1.395565308281419,-2.722897379018392,-1.5984043720864984,-1.287226963080302,-1.242477769529939,0.06394978380124533,-0.09665122987025665,0.21697466325466766
0.42100957736789457,0.9098551905865155,0.8559900951395154,0.28945056742809794,0.4805496241084542,-0.36612252518790644,-0.4463892816586444,-0.13322177987186493
-0.10822877514411013,0.6108632095490747,1.2719891573812125,-1.287226963080302,0.8696203258977688,-2.6829636736133367,-1.8890587452857437,0.5171430430774099
0.8930329728515745,1.2088471716239566,0.6895904702428365,1.1120649311716109,0.522235770728738,0.6743749965600414,0.38423859133877647,-0.3208270172610788
0.6069581877099504,1.059351181105236,1.3413223344214955,-0.5880047538983159,0.9668880013450974,-2.7523301750632,-2.3116588911967124,0.2795097423844056
0.2922759240541637,1.01450238394962,1.230389251157043,-0.2589590084009107,1.1336325878262323,-1.0042943385266476,-0.1403684863438051,0.8298184387260997
0.6355656662241127,-1.1382398795199549,-3.4288002459499665,1.180616128150237,-1.6871300001462983,1.7148725183079891,1.5791769349491012,0.04187644169140137
1.2220189757644422,1.358343162142677,0.6618571994267233,1.386269719086115,0.5500265351422604,0.8824745009096309,0.44252826663684114,-0.3083200014351312
0.5211357521674631,0.7155104029121789,0.8005235535072891,0.0015355401178683943,-0.06137028195523395,-0.8378147350469761,-1.5101758558483238,-0.7585725711692445
0.6784768839953563,-0.525306318393201,-1.4597380180059327,0.37171200380244923,-2.1734683773829415,0.41078229105056124,-0.9272791028676776,-1.846682948026685
0.6355656662241127,0.8949055915346436,0.509324209938101,0.9064113402357326,0.7723526504504401,0.7437414980099045,0.9234180878458742,0.4796219955995671
-1.3526540905101754,-0.5851047146006891,0.4954575745300444,-0.6428457114812167,1.0919464412059485,0.21655608699094434,1.083714694915552,1.405141166719689
0.20645348851167647,0.9098551905865155,0.9946564492200811,-0.149277093235109,1.0085741479653811,-1.0181676388166203,-0.19865816164186972,0.6422132013368858
-0.8806306950264954,-1.437231860557396,-0.9189392370917263,-0.6291354720854915,-0.49212713036483224,0.45240219192047915,0.4862455231103896,0.5296500589033575
0.106327313712108,0.9248047896383876,1.4799886885020612,-0.7113969084598428,1.175318734446516,-1.8644389565049513,-1.1895826417089683,0.8423254545520472
0.7499955802807624,0.7603592000677951,0.5925240223864404,0.5636553553426022,-0.3531733082972199,-0.005416717648617856,-1.2187274793580007,-1.5840356156817856
0.4353133166249758,1.1639983744683404,1.0917228970764772,0.2620300886366475,1.2586910276870833,-0.3799958254778791,0.5008179419349057,0.8923535178558376
0.17784600999751404,0.8052079972234113,1.0085230846281377,-0.6154252326897663,0.8557249436910075,-1.947678758244787,-1.0147136158147745,0.4796219955995671
0.8787292335944933,-0.06186874778516749,-1.0437389557642354,0.5088143977597014,-2.326317581657315,0.32754248931072544,-1.539320693497356,-2.647131960887331
0.6355656662241127,1.5676375488688856,1.3690556052376086,0.9201215796314578,1.7589247871304878,0.4801487925004244,1.3460182337568427,1.3300990717640033
0.42100957736789457,1.313494364987061,1.618655042582627,-0.7662378660427437,1.5365986718223081,-3.1546558834724063,-1.539320693497356,0.9673956128115232
0.5640469699387067,1.343393563090805,1.2165226157489863,0.6459167917169535,1.4810171429952632,0.022329882931327417,0.719404224302648,0.9173675495077328
0.3351871418254073,-0.13661674304452773,-0.5168068102580856,0.48139391896825096,-0.3114871616769362,0.4385288916305065,0.2530868219181311,-0.1582358115237601
0.13493479222627042,0.8650063934308995,0.7173237410589496,0.8378601432571066,1.3698540853411731,0.9657143026494668,1.652039029071682,1.1550008502007372
-0.36569608177157187,0.41651842187473803,0.9114566367717416,-0.09443613565220811,1.2864817921006058,-0.11640311996839896,0.7922663184252289,1.2050289135045273
-2.024929835592992,-1.198038275727443,0.19039159555279975,-1.5751419903905313,0.6333988283828278,-0.3799958254778791,0.5008179419349057,1.0674517394191039
0.7356918410236812,1.2088471716239566,0.6757238348347798,0.9612522978186334,0.7862480326572013,0.6050084951101782,0.7339766431271643,0.24198869490656286
0.37809835959665095,-0.9289454927937463,-1.9450702572879128,0.5910758341340526,-1.2007916229096551,0.9240944017795488,0.7339766431271643,-0.22077089065349806
0.2493647062829201,-0.8691470965862581,-1.9866701635120825,0.5362348765511518,-1.2007916229096551,0.9518410023594941,0.7922663184252289,-0.1957568590016029
-0.3799998210286531,-0.6299535117563053,-0.47520690403391586,0.01524577951359361,0.07758354011237839,0.688248296850014,0.9234180878458742,0.4921290114255147
1.1934114972502798,1.343393563090805,0.6757238348347798,1.3451390008989395,0.5639219173490216,0.8686012006196583,0.427955847812325,-0.2958129856091836
-1.4241727867955813,-0.8392478984825139,0.6618571994267233,-2.2332334813853416,0.36938656645436435,-2.1557782625943767,-1.160437804059936,0.6422132013368858
0.9645516691369805,1.6274359450763738,1.2165226157489863,1.194326367545962,1.5227032896155468,0.5633885942402602,1.1565767890381327,0.8673394862039424
-0.8663269557694142,-0.06186874778516749,0.8421234597314587,-0.6839764296683923,1.1058418234127099,-0.6019686301174413,0.3113764972161957,1.1800148818526321
-1.2096166979393632,-0.4206591250300966,0.35679122044947864,-0.6154252326897663,0.8001434148639626,-0.060909918808508406,0.7339766431271643,1.0424377077672087
0.9073367121086557,-0.7495503041712817,-2.8325349234035335,1.1531956493587865,-1.9789330264882843,1.5067730139583995,0.9671353443194227,-0.7085445078654542
-2.5541681881049967,-2.9022925676408566,-0.8218727892353302,-1.5614317509948061,-0.005788753128189014,0.29979588873078017,0.8505559937232935,1.1424938343747895
0.5783507091957879,1.1789479735202124,1.0085230846281377,0.6184963129255031,0.8974110903112913,-0.019290017938590493,0.26765924074264724,0.2544957107325104
-1.4241727867955813,-0.8392478984825139,0.6618571994267233,-2.2332334813853416,0.36938656645436435,-2.1557782625943767,-1.160437804059936,0.6297061855109382
0.17784600999751404,0.730460001964051,0.5370574807542141,0.5362348765511518,0.9252018547248138,0.5633885942402602,1.083714694915552,0.8298184387260997
0.9502479298798994,0.9696535867940038,0.8559900951395154,0.15234817347084575,-0.1586379574025626,-1.3511268457759635,-2.7196866182831645,-1.3589093308147289
-0.03671007885870409,0.34177042661537776,1.063989626260364,-1.424329357037554,0.5917126817625441,-2.946556379122817,-2.369948566494777,0.2544957107325104
0.9073367121086557,-0.7644999032231538,-2.84640155881159,1.1394854099630614,-1.9789330264882843,1.5067730139583995,0.9671353443194227,-0.7085445078654542
-0.3943035602857343,-0.5701551155488171,-0.37814045617751985,-0.053305417465032465,0.04979277569885592,0.4662754922104518,0.6611145490045834,0.4921290114255147
1.1648040187361175,1.1041999782608523,0.4954575745300444,1.180616128150237,0.13316506893942334,0.7437414980099045,-0.21323058046638588,-0.8211076502989825
0.7356918410236812,0.23712323325227347,-0.4474736332178027,0.8789908614442822,-0.478231748158071,0.9240944017795488,0.23851440309361494,-0.5834743496059782
0.6355656662241127,-0.07681834683703954,-1.0160056849481223,0.9749625372143587,-0.4643363659513098,1.29867350960881,1.185721626687165,0.07939748916924415
0.37809835959665095,-1.452181459609268,-2.527468944426289,0.5088143977597014,-1.9233514976612394,1.2015604075790016,0.5591076172329703,-0.558460317954083
-0.2226586892007598,-0.6598527098600494,-0.19787419587278438,-0.6291354720854915,-0.7005578634662507,-0.4771089275076875,-0.7669824957979998,-0.3208270172610788
-0.0653175573728665,0.07267764368168093,-0.17014092505667122,0.4539734401768005,0.4249680952814093,0.9240944017795488,1.2148664643361973,0.7297623121185189
1.0503741046794677,0.9098551905865155,0.051725241472233986,1.0160932554015343,-0.6310809524324446,0.535641993660315,-0.8106997522715482,-1.82166891637479
0.5211357521674631,0.23712323325227347,-0.405873726993633,0.74188846748703,-0.4365456015377873,0.7298681977199319,0.3113764972161957,-0.45840419134650234
0.37809835959665095,0.9846031858458758,1.0778562616684206,-0.21782829021373504,1.0363649123789036,-0.9349278370767845,-0.09665122987025665,0.7422693279444665
-0.03671007885870409,0.35672002566724986,1.0778562616684206,-1.4380395964332793,0.5917126817625441,-2.946556379122817,-2.3553761476702606,0.2544957107325104
0.6212619269670315,0.6108632095490747,-0.01760793556804889,0.9475420584229083,0.17485121555970703,0.8269812997497403,0.719404224302648,-0.07068670074212696
0.19214974925459524,0.8201575962752833,1.0085230846281377,-0.5880047538983159,0.8696203258977688,-1.947678758244787,-1.0147136158147745,0.4671149797736195
-1.5815139186234746,-2.797645374277752,-1.612271007494555,-0.3686409235667124,-0.07526566416199519,1.1599405067090836,1.550032097300069,1.2300429451564225
1.3650563683352543,1.059351181105236,-0.22560746668889753,1.3040082827117638,-1.5064900314584024,0.8131079994597677,-0.7524100769734836,-2.834737198276545
0.8358180158232497,0.4763168180822262,-0.4613402686258593,1.1669058887545116,0.1609558333529458,1.2431803084489195,1.258583720809746,0.3045237740363008
0.09202357445502679,0.9248047896383876,1.4799886885020612,-0.7113969084598428,1.1892141166532773,-1.8644389565049513,-1.1895826417089683,0.8298184387260997
0.6641731447382752,0.41651842187473803,-0.5584067164822554,1.1120649311716109,0.09147892231913964,1.29867350960881,1.3314458149323267,0.3045237740363008
-0.9092381735406578,-1.497030256764884,-0.8773393308675566,-0.39606140235816284,-0.2003241040228463,0.6743749965600414,0.9671353443194227,0.7422693279444665
0.9788554083940617,-0.0020703515776793013,-1.0298723203561788,0.8652806220485569,-1.4092223560110737,0.9102211014895761,-0.25694783693993434,-1.3338952991628337
-3.3122663687303007,-2.5285525913440554,-0.0037413001599923153,-2.000159411658013,0.6750849750031115,0.036203183221300055,0.9525629254949066,1.4301551983715841
-0.6660746061702773,0.3268208275635057,1.0085230846281377,-0.6702661902726672,1.2447956454803222,-0.7961948341770582,0.29680407839167955,1.0799587552450516
0.4067058381108134,0.5062160161859703,0.3845244912655918,0.4402632007810753,0.5083403885219767,0.34141578960069807,0.4862455231103896,0.2920167582103532
0.6212619269670315,0.7155104029121789,0.5647907515703273,0.0015355401178683943,0.022002011285333457,-0.9071812364968392,-1.4664585993747752,-0.683530476213559
1.279233932792767,1.5377383507651416,1.230389251157043,0.7693089462784805,0.5500265351422604,-1.0459142393965657,-2.3116588911967124,-1.0712479668179344
0.5068320129103818,0.6407624076528188,0.5231908453461576,0.01524577951359361,-0.01968413533495025,-0.8655613356269214,-1.4810310181992914,-0.7085445078654542
0.8787292335944933,0.7155104029121789,0.01012533524806426,1.0846444523801604,0.230432744386752,0.9518410023594941,0.6902593866536157,-0.05817968491617937
0.2493647062829201,0.8799559924827715,0.9807898138120246,-0.24524876900518547,0.9946787657586199,-0.9765477379467025,-0.1112236486947728,0.6797342488147285
0.42100957736789457,-0.8990462946900022,-1.9312036218798563,0.5910758341340526,-1.242477769529939,0.8824745009096309,0.704831805478132,-0.23327790647944566
1.0360703654223866,1.6274359450763738,1.0362563554442508,1.4274004372732907,1.2725864098938446,0.993460903229412,1.2148664643361973,0.4796219955995671
-0.00810260034454167,0.6706616057565629,0.9530565429959114,-0.6976866690641176,0.8418295614842463,-1.8505656562149786,-0.9855687781657422,0.6171991696849906
-1.0808830446256323,-0.39075992692635253,0.5231908453461576,-1.5888522297862566,0.5917126817625441,-1.5453530498355805,-0.5338237946057414,0.6297061855109382
1.1505002794790362,0.6407624076528188,-0.2394741020969541,0.8241499038613813,-1.6871300001462983,0.25817598786086227,-1.830769069987679,-2.85975122992844
0.6927806232524376,0.6258128086009467,0.12105841851251686,0.6184963129255031,-0.21421948622960754,0.25817598786086227,-0.21323058046638588,-0.6710234603876114
-0.03671007885870409,0.012879247474192746,-0.11467438342444491,0.4539734401768005,0.5083403885219767,0.8963478011996036,1.2440113019852297,0.7297623121185189
-1.123794262396876,-0.4655079221857128,0.606390657794497,-1.5751419903905313,0.6750849750031115,-1.4482399478057721,-0.4172444440096121,0.7172552962925713
0.6212619269670315,0.7603592000677951,0.2735914080011392,1.0023830160058091,0.7167711216233952,0.7992346991697951,0.996280181968455,0.4921290114255147
0.09202357445502679,0.4314680209266101,0.6757238348347798,-0.24524876900518547,0.647294210589589,-0.6297152306973866,-0.35895476871154747,0.3045237740363008
-1.123794262396876,-1.0784414833124667,0.17652496014474317,-1.8630570177007608,-0.3253825438836974,-1.6285928515754164,-1.4227413429012268,0.12942555247303453
0.649869405481194,1.5825871479207578,1.3829222406456652,0.933831819027183,1.7589247871304878,0.4662754922104518,1.3460182337568427,1.3300990717640033
0.4353133166249758,0.3716696247191219,0.5509241161622707,-0.39606140235816284,-0.5060225125715935,-1.3095069449060457,-2.340803728845745,-1.1462900617736198
0.449617055882057,-0.24126393640763205,-1.0714722265803487,0.4539734401768005,-1.5203854136651636,0.4801487925004244,-0.3443823498870313,-1.3714163466406766
1.064677843936549,-0.07681834683703954,-2.0282700697362523,1.0709342129844353,-2.6598067546195847,1.146067206419111,-0.22780299929090203,-2.409498660194327
0.34949088108248855,0.6407624076528188,0.606390657794497,-0.025884938673582037,-0.07526566416199519,-0.8239414347570034,-1.4081689240767106,-0.7585725711692445
1.007462886908224,0.8799559924827715,0.03785860606417741,0.9475420584229083,-0.6866624812594895,0.383035690470616,-0.7378376581489675,-1.4964865049001526
0.2779721847970825,-1.7063246434910928,-2.88800146503576,0.4265529613853501,-2.256840670623509,1.2015604075790016,0.5008179419349057,-0.5834743496059782
0.7213881017666,-0.8093487003787698,-1.8618704448395733,0.8652806220485569,-1.2702685339434614,1.2848002093188373,0.8505559937232935,-0.3208270172610788
0.00620113891253954,0.6856112048084348,0.9669231784039679,-0.6839764296683923,0.8418295614842463,-1.8505656562149786,-1.0001411969902583,0.6171991696849906
0.993159147651143,-0.15156634209639977,-1.9866701635120825,1.0023830160058091,-2.6598067546195847,1.0628274046792752,-0.31523751223799895,-2.409498660194327
-1.338350351253094,-0.5851047146006891,0.6202572932025535,-0.5605842751068655,1.1336325878262323,0.21655608699094434,1.0545698572665196,1.3676201192418462
1.1648040187361175,1.1639983744683404,0.509324209938101,1.1394854099630614,-0.06137028195523395,0.5633885942402602,-0.12579606751928896,-0.9211637769065633
-1.0951867838827136,-0.36086072882260845,0.4815909391219878,-1.5751419903905313,0.6056080639693053,-1.5592263501255532,-0.5338237946057414,0.667227232988781
-0.4515185173140591,-1.1232902804680829,-0.4613402686258593,-1.2049655267059505,-1.186896240702894,-0.990421038236675,-1.5830379499709046,-0.6585164445616638
-0.3799998210286531,0.401568822822866,0.897590001363685,-0.10814637504793333,1.2864817921006058,-0.10252981967842631,0.8214111560742612,1.217535929330475
0.2922759240541637,1.1191495773127242,1.1749227095248165,0.11121745528367012,1.3142725565141282,-0.2967560237380432,0.5882524548820027,0.9924096444634184
-0.33708860325740947,0.5510648133415864,0.7727902826911759,0.31687104621954837,1.3281679387208896,0.4801487925004244,1.3023009772832943,1.2050289135045273
1.0217666261653053,0.700560803860307,-0.5168068102580856,1.249167325128863,-0.5060225125715935,1.1738138069990562,0.704831805478132,-0.7210515236914018
0.9359441906228181,0.9547039877421317,0.8559900951395154,0.13863793407512054,-0.17253333960932382,-1.3650001460659362,-2.7196866182831645,-1.3589093308147289
0.2922759240541637,0.5211656152378423,0.3706578558575352,0.39913248259389966,0.46665424190169297,0.3552890898906707,0.44252826663684114,0.267002726558458
0.7070843625095188,-0.4954071202894569,-1.4874712888220458,0.39913248259389966,-2.201259141796464,0.4385288916305065,-0.8981342652186453,-1.8591899638526326
-1.3240466119960128,-0.555205516496945,0.2874580434091958,-0.656555950876942,0.8557249436910075,0.17493618612102643,0.9234180878458742,1.0549447235931564
0.049112356683783165,-1.5568286529723723,-2.638402027690742,0.31687104621954837,-1.9511422620747618,0.9795876029394394,0.529962779583938,-0.45840419134650234
-0.49442973508530275,-0.5851047146006891,0.35679122044947864,-1.7259546237435088,-0.478231748158071,-2.1973981634642943,-2.384520985319293,-0.37085508056486916
0.7642993195378436,0.9696535867940038,0.5231908453461576,0.8927011008400074,0.06368815790561716,0.4385288916305065,-0.22780299929090203,-0.8836427294287205
0.5926544484528691,1.5377383507651416,1.355188969829552,0.8927011008400074,1.7450294049237265,0.4801487925004244,1.360590652581359,1.3300990717640033
0.5068320129103818,0.5361152142897144,0.4954575745300444,-0.053305417465032465,-0.14474257519580136,-0.6019686301174413,-1.1312929664109037,-0.5709673337800306
0.649869405481194,1.5975367469726298,1.3829222406456652,0.933831819027183,1.7589247871304878,0.4662754922104518,1.3460182337568427,1.3300990717640033
0.6212619269670315,0.700560803860307,0.5509241161622707,0.01524577951359361,0.022002011285333457,-0.8933079362068667,-1.4810310181992914,-0.683530476213559
0.7499955802807624,0.745409601015923,0.606390657794497,0.04266625830504404,0.00810662907857222,-0.8933079362068667,-1.4810310181992914,-0.6710234603876114
-0.4229110387998967,-0.6748023089119214,-0.4613402686258593,-0.025884938673582037,0.10537430452590087,0.5495152939502876,0.8505559937232935,0.5171430430774099
-2.225182185192129,-0.0319695496814234,1.3967888760537217,-2.7130918602357244,1.592180200649353,-2.710710274193282,-0.08207881104574048,1.55522535663106
0.449617055882057,-0.4505583231338407,-0.6554731643386513,-0.2863794871923611,-1.9094561154544782,-0.4771089275076875,-2.1513622841270346,-1.996767137938056
-3.3122663687303007,-2.5285525913440554,-0.0037413001599923153,-2.000159411658013,0.6750849750031115,0.036203183221300055,0.9525629254949066,1.4176481825456364
0.7786030587949249,1.2985447659351887,0.9391899075878548,0.9064113402357326,1.0363649123789036,0.4385288916305065,0.6611145490045834,0.4796219955995671
0.4067058381108134,0.9098551905865155,0.869856730547572,0.2620300886366475,0.49444500631521543,-0.3938691257678517,-0.43181686283412823,-0.13322177987186493
-0.43721477805697795,-0.5851047146006891,-0.5722733518903119,0.0975072158879449,0.00810662907857222,0.7159948974299593,0.996280181968455,0.6797342488147285
-2.797331755475377,-1.9604678273729175,0.06559187688029056,-2.3017846783639677,0.4249680952814093,-0.7684482335971129,0.29680407839167955,1.1174798027228943
-0.051013818115785294,0.04277844557793684,-0.15627428964861464,0.5088143977597014,0.46665424190169297,0.8686012006196583,1.2440113019852297,0.6922412646406761
0.9073367121086557,1.1639983744683404,0.9253232721797983,0.49510415836397614,0.36938656645436435,-0.5880953298274686,-1.160437804059936,-0.5709673337800306
-0.9092381735406578,-1.482080657713012,-0.9744057787239526,-0.5742945145025906,-0.5754994236053996,0.3969089907605886,0.4862455231103896,0.5671711063812003
0.4353133166249758,-0.7047015070156656,-1.8202705386154037,0.6596270311126787,-1.311954680563745,1.2709269090288648,0.8942732501968419,-0.1832498431756553
0.4353133166249758,0.9098551905865155,0.8559900951395154,0.28945056742809794,0.4805496241084542,-0.35224922489793375,-0.4463892816586444,-0.14572879569781252
-1.195312958682282,-0.4206591250300966,0.3429245850414221,-0.6154252326897663,0.8001434148639626,-0.060909918808508406,0.7339766431271643,1.0299306919412612
0.6212619269670315,-0.09176794588891159,-1.0437389557642354,0.9749625372143587,-0.4643363659513098,1.3125468098987827,1.2148664643361973,0.09190450499519173
-0.46582225657114035,-1.1232902804680829,-0.4613402686258593,-1.2049655267059505,-1.186896240702894,-0.990421038236675,-1.5830379499709046,-0.6585164445616638
-0.07962129662994771,-0.4954071202894569,-0.2394741020969541,-0.5880047538983159,-0.5893948058121609,-0.40774242605782435,-0.883561846394129,-0.37085508056486916
0.6212619269670315,0.9098551905865155,0.703457105650893,0.358001764406724,0.46665424190169297,-0.3383759246079611,-0.4463892816586444,-0.1957568590016029
0.14923853148335162,-0.9588446908974904,-1.1685386744367445,-0.341220444775262,-1.8677699688341944,-0.10252981967842631,-1.33530682995413,-1.3714163466406766
-1.2954391334818505,-0.6000543136525612,0.5786573869783839,-0.5194535569196898,1.0780510589991874,0.25817598786086227,1.0254250196174874,1.342606087589951
-0.8520232165123329,-0.39075992692635253,0.5786573869783839,-1.246096244893126,0.5083403885219767,-1.1707739420063195,-0.5483962134302575,0.6171991696849906
-1.2382241764535256,-0.3758103278744805,1.0362563554442508,-1.5751419903905313,0.9252018547248138,-1.4204933472258268,-0.4463892816586444,1.092465771070999
-0.8520232165123329,-1.6016774501279885,-0.8912059662756131,-0.6428457114812167,-0.42265021933102603,0.25817598786086227,0.3988110101632927,0.34204482151414356
-0.4515185173140591,-0.6598527098600494,-0.5029401748500291,0.04266625830504404,0.04979277569885592,0.5911351948202055,0.9234180878458742,0.6046921538590431
0.49252827365330065,0.9547039877421317,0.4954575745300444,1.1120649311716109,1.1336325878262323,1.1738138069990562,1.6957562855452306,1.0549447235931564
-2.039233574850073,-1.2578366719349312,0.2735914080011392,-1.547721511599081,0.7862480326572013,-0.2967560237380432,0.6902593866536157,1.3175920559380558
0.6069581877099504,0.4464176199784821,-0.5584067164822554,1.05722397358871,0.10537430452590087,1.146067206419111,1.287728558458778,0.34204482151414356
0.9216404513657369,1.2237967706758286,0.6618571994267233,1.1531956493587865,0.5083403885219767,0.7159948974299593,0.41338342898780883,-0.345841048912974
0.6784768839953563,-1.1531894785718269,-3.4288002459499665,1.180616128150237,-1.7149207645598208,1.7148725183079891,1.5791769349491012,0.04187644169140137
-1.3526540905101754,-0.5701551155488171,0.6341239286106102,-0.5880047538983159,1.1475279700329934,0.2026827867009717,1.0545698572665196,1.3801271350677937
0.4782245343962194,0.7902583981715392,0.9114566367717416,-0.0807258962564829,-0.005788753128189014,-0.9071812364968392,-1.4227413429012268,-0.7210515236914018
-0.9092381735406578,-1.511979855816756,-0.8773393308675566,-0.39606140235816284,-0.2003241040228463,0.688248296850014,0.9817077631439389,0.7422693279444665
-0.49442973508530275,-0.6897519079637935,-0.47520690403391586,0.04266625830504404,0.18874659776646827,0.7298681977199319,1.1128595325645843,0.7547763437704141
0.3637946203395698,0.9846031858458758,0.9669231784039679,0.4539734401768005,1.300377174307367,0.17493618612102643,0.7485490619516804,0.8548324703779948
-1.1094905231397947,-0.3459111297707364,0.5647907515703273,-1.5614317509948061,0.6889803572098727,-1.5592263501255532,-0.5338237946057414,0.8673394862039424
-0.7089858239415209,-0.0319695496814234,0.5786573869783839,-0.7388173872512932,0.8557249436910075,-0.6852084318572771,0.20936956544458263,0.8173114229001521
-0.4086072995428155,-0.6598527098600494,-0.48907353944197246,-0.012174699277856822,0.07758354011237839,0.5772618945302329,0.8651284125478096,0.5046360272514623
0.8072105373090872,0.38661922377099395,-0.5445400810741987,0.933831819027183,-0.5754994236053996,0.8131079994597677,0.35509375368974416,-0.5834743496059782
-2.9403691480461895,-1.2877358700386754,0.8421234597314587,-2.959876169358778,0.9807833835518587,-1.9754253588247324,-0.16951332399283742,1.2925780242861606
0.993159147651143,-0.13661674304452773,-2.0005367989201392,1.0160932554015343,-2.6598067546195847,1.0767007049692479,-0.3006650934134828,-2.409498660194327
0.00620113891253954,-0.0319695496814234,0.10719178310446029,-0.025884938673582037,-0.01968413533495025,-0.03316331822856313,-0.052933973396708175,0.05438345751734896
1.4365750646206603,1.2985447659351887,0.06559187688029056,1.633054028209169,-0.6171855702256833,1.2848002093188373,-0.08207881104574048,-2.059302217067794
-0.6660746061702773,-0.017019950629551348,0.6757238348347798,-0.7388173872512932,0.8974110903112913,-0.7129550324372224,0.23851440309361494,0.8548324703779948
-0.46582225657114035,0.16237523799291323,0.7173237410589496,-0.533163796315415,0.8140387970707238,-0.6297152306973866,0.06364537719942107,0.7547763437704141
-0.3799998210286531,0.401568822822866,0.897590001363685,-0.09443613565220811,1.2864817921006058,-0.10252981967842631,0.806838737249745,1.2050289135045273
0.2922759240541637,-0.2861127335632482,-0.600006622706425,0.01524577951359361,-0.9784655076014754,0.07782308409121796,-0.6795479828509029,-0.7835866028211397
0.5354394914245443,0.2520728323041455,-0.41974036240168955,0.7555987068827552,-0.45044098374454855,0.7437414980099045,0.32594891604071186,-0.45840419134650234
-0.30848112474324707,-0.5701551155488171,-0.5584067164822554,0.0975072158879449,-0.005788753128189014,0.7853613988798225,0.9817077631439389,0.42959393229577675
-0.12253251440119134,-0.6449031108081773,-0.1840075604647278,-0.656555950876942,-0.658871716845967,-0.5326021286675781,-0.8398445899205805,-0.3333340330870264
1.0217666261653053,1.2686455678314448,0.5786573869783839,1.2628775645245882,0.5361311529354992,0.8686012006196583,0.5153903607594219,-0.35834806473892156
0.6927806232524376,0.5211656152378423,0.606390657794497,-0.2589590084009107,-0.4643363659513098,-1.3233802451960184,-2.3262313100212286,-1.1212760301217246
-3.827200981985224,-1.8558206340098131,0.6895904702428365,-2.1646822844067155,1.3420633209276507,-0.11640311996839896,1.2731561396342619,1.6802955148905359
0.7499955802807624,0.8500567943790274,0.8421234597314587,0.01524577951359361,-0.033579517541711484,-0.9210545367868119,-1.4081689240767106,-0.6460094287357162
0.8501217550803308,-0.0319695496814234,-0.9744057787239526,0.7830191856742057,-1.3536408271840288,0.9102211014895761,-0.2423754181154182,-1.3338952991628337
-0.3943035602857343,0.13247603988916912,0.6479905640186667,-0.4920330781282394,0.7306665038301564,-0.5603487292475233,0.04907295837490491,0.6797342488147285
-2.797331755475377,-1.9604678273729175,0.06559187688029056,-2.3017846783639677,0.4249680952814093,-0.7684482335971129,0.29680407839167955,1.1049727868969468
1.0217666261653053,1.3882423602464211,0.703457105650893,1.317718522107489,0.7723526504504401,0.8824745009096309,0.7776938996007127,0.05438345751734896
0.2636684455400013,-0.8691470965862581,-1.9866701635120825,0.5362348765511518,-1.2146870051164165,0.9379677020695214,0.7776938996007127,-0.1957568590016029
0.6212619269670315,1.1639983744683404,0.8837233659556285,0.673337270508404,0.9113064725180525,0.036203183221300055,0.2822316595671634,0.21697466325466766
1.5080937609060665,1.4779399545576535,0.3845244912655918,1.5919233100219934,-0.950674743187953,0.9379677020695214,-0.9272791028676776,-3.109891546447392
-0.4086072995428155,-0.555205516496945,-0.5722733518903119,0.04266625830504404,0.00810662907857222,0.7576147982998772,0.9525629254949066,0.4921290114255147
0.2493647062829201,0.057728044629808885,0.1626583247366866,-0.24524876900518547,-0.2836963972634137,-0.5326021286675781,-1.0292860346392907,-0.4959252388243451
0.9359441906228181,0.9696535867940038,0.8559900951395154,0.15234817347084575,-0.17253333960932382,-1.3650001460659362,-2.7196866182831645,-1.3589093308147289
-1.3812615690243377,-0.5851047146006891,0.6202572932025535,-0.5605842751068655,1.0780510589991874,0.14718958554108116,0.9671353443194227,1.2425499609823702
-1.3097428727389318,-0.5851047146006891,0.5925240223864404,-0.533163796315415,1.0919464412059485,0.2443026875708896,1.0254250196174874,1.342606087589951
-1.1380980016539572,0.012879247474192746,1.2165226157489863,-2.3292051571554184,1.0780510589991874,-3.1407825831824336,-1.3644516676031622,1.004916660289366
-0.15113999291535377,-0.48045752123758484,-0.2949406437291804,-0.5468740357111402,-0.6310809524324446,-0.40774242605782435,-0.9272791028676776,-0.345841048912974
1.4937900216489852,1.4480407564539093,0.3845244912655918,1.5782130706262683,-0.950674743187953,0.9102211014895761,-0.9564239405167099,-3.0848775147954965
0.19214974925459524,0.9995527848977479,0.9807898138120246,0.7007577492998543,1.5227032896155468,0.5772618945302329,1.4771700031774881,1.217535929330475
0.6784768839953563,-0.13661674304452773,-1.0853388619884052,0.9475420584229083,-0.45044098374454855,1.1321939061291384,1.0691422760910358,0.05438345751734896
-2.082144792621317,-0.6598527098600494,1.0223897200361942,-2.7816430572143505,0.9668880013450974,-2.669090373323364,-0.868989427569613,1.1424938343747895
0.20645348851167647,-0.3758103278744805,-0.4474736332178027,-0.025884938673582037,-0.8117209211203407,0.0916963843811906,-0.5483962134302575,-0.5834743496059782
0.32088340256832615,-0.7196511060675376,-1.9034703510637432,0.5910758341340526,-1.3675362093907901,1.0628274046792752,0.806838737249745,-0.20826387482755046
0.19214974925459524,0.8799559924827715,0.9807898138120246,-0.17669757202655942,0.9946787657586199,-1.0042943385266476,-0.18408574281735357,0.6422132013368858
-1.1667054801681196,-0.39075992692635253,0.8421234597314587,-1.5751419903905313,0.7723526504504401,-1.4482399478057721,-0.3880996063605798,0.8548324703779948
0.6355656662241127,0.6108632095490747,-0.01760793556804889,0.9475420584229083,0.17485121555970703,0.8269812997497403,0.719404224302648,-0.07068670074212696
0.8501217550803308,0.9846031858458758,0.45385766830587465,0.9886727766100839,-0.005788753128189014,0.535641993660315,-0.1112236486947728,-0.9711918402103535
-0.4515185173140591,-0.6150039127044332,-0.5584067164822554,0.07008673709649448,0.03589739349209469,0.688248296850014,0.9817077631439389,0.6922412646406761
0.37809835959665095,-0.12166714399265569,-1.1130721328045183,0.8241499038613813,-0.42265021933102603,1.0905740052592205,1.185721626687165,0.24198869490656286
-0.780504520226927,0.16237523799291323,1.0362563554442508,-0.7113969084598428,1.1475279700329934,-0.7129550324372224,0.340521334865228,1.1424938343747895
0.7642993195378436,-0.13661674304452773,-1.0714722265803487,0.5910758341340526,-1.4648038848381186,0.5633885942402602,-0.2715202557644505,-1.1838111092514627
0.649869405481194,-0.09176794588891159,-0.9466725079078394,0.6047860735297779,-1.3397454449772677,0.7437414980099045,-0.32980993106251516,-1.2838672358590435
-0.8234157379981706,-1.526929454868628,-0.9050726016836697,-0.6428457114812167,-0.478231748158071,0.4246555913405339,0.427955847812325,0.2920167582103532
-1.2096166979393632,-0.48045752123758484,0.6618571994267233,-1.49288055401618,0.7584572682436789,-1.4621132480957448,-0.5046789569567091,1.0549447235931564
-1.3097428727389318,-0.555205516496945,0.2874580434091958,-0.6428457114812167,0.8418295614842463,0.18880948641099907,0.9234180878458742,1.0549447235931564
-0.6660746061702773,0.012879247474192746,0.606390657794497,-0.7388173872512932,0.8418295614842463,-0.7129550324372224,0.18022472779555032,0.7922973912482569
-0.8234157379981706,-1.511979855816756,-0.9189392370917263,-0.6291354720854915,-0.5060225125715935,0.4385288916305065,0.44252826663684114,0.267002726558458
0.23506096702583887,-0.36086072882260845,-0.47520690403391586,0.01524577951359361,-0.8395116855338631,0.14718958554108116,-0.5338237946057414,-0.620995397083821
1.1934114972502798,0.41651842187473803,-1.2656051222931406,1.1394854099630614,-2.395794492691121,0.9657143026494668,-0.694120401675419,-2.9848213881879158
-1.1667054801681196,-0.33096153071886436,0.9669231784039679,-1.5340112722033556,0.8001434148639626,-1.4343666475157995,-0.4755341193076767,0.9548885969855756
-1.2096166979393632,-2.3192582046178467,-1.34880493474148,-1.1501245691230497,-1.0757331830488042,0.06394978380124533,-0.08207881104574048,0.12942555247303453
-1.88189244302218,-1.0485422852087227,0.31519131422530894,-1.3831986388503783,0.6611895927963503,-0.49098222779766015,0.3988110101632927,1.092465771070999
-1.6387288756517995,-1.2279374738311872,0.4815909391219878,-2.5485689874870214,0.1609558333529458,-2.294511265494103,-1.539320693497356,0.5421570747293051
0.7070843625095188,-0.13661674304452773,-1.0437389557642354,1.0023830160058091,-0.42265021933102603,1.2848002093188373,1.1565767890381327,0.09190450499519173
-0.30848112474324707,0.49126641713409824,0.8005235535072891,-0.10814637504793333,1.175318734446516,-0.18576962141826214,0.704831805478132,1.0424377077672087
-2.3396120992487788,-1.2428870728830592,0.2735914080011392,-1.616272708577707,0.702875739416634,-0.5048555280876328,0.5445351984084542,1.004916660289366
0.5497432306816254,0.26702243135601755,-0.43360699780974615,0.7693089462784805,-0.4643363659513098,0.7576147982998772,0.340521334865228,-0.4834182229983975
0.7356918410236812,-0.48045752123758484,-1.4874712888220458,0.4402632007810753,-2.187363759589703,0.5772618945302329,-0.868989427569613,-1.909218027156423
1.3793601075923356,1.059351181105236,0.2181248663689129,1.2080366069416872,-0.6171855702256833,0.6605016962700687,-0.9272791028676776,-1.7341198055931568
0.5354394914245443,-0.7644999032231538,-1.778670632391234,0.7693089462784805,-1.2841639161502225,1.3541667107687005,0.8651284125478096,-0.2958129856091836
-1.1810092194252009,-0.4505583231338407,0.6895904702428365,-1.49288055401618,0.7584572682436789,-1.48985984867569,-0.5338237946057414,1.0299306919412612
-0.29417738548616584,-1.0933910823643387,-0.5861399872983685,-1.108993850935874,-1.242477769529939,-0.8655613356269214,-1.5976103687954206,-0.8211076502989825
0.5497432306816254,1.328443964038933,1.2026559803409298,0.6322065523212282,1.4532263785817408,0.022329882931327417,0.704831805478132,0.9048605336817852
0.13493479222627042,0.5062160161859703,0.39839112667364834,0.6047860735297779,0.8974110903112913,0.7714880985898498,1.2002940455116813,0.8673394862039424
0.6784768839953563,0.4464176199784821,-0.5306734456661422,1.1120649311716109,0.09147892231913964,1.2848002093188373,1.3023009772832943,0.267002726558458
-1.338350351253094,-0.5701551155488171,0.6202572932025535,-0.5605842751068655,1.1336325878262323,0.2026827867009717,1.0545698572665196,1.3676201192418462
-0.00810260034454167,0.6706616057565629,0.9530565429959114,-0.6976866690641176,0.827934179277485,-1.8505656562149786,-0.9855687781657422,0.6297061855109382
0.7499955802807624,0.745409601015923,0.606390657794497,0.04266625830504404,0.022002011285333457,-0.8933079362068667,-1.4810310181992914,-0.6585164445616638
0.6069581877099504,0.5959136104972026,0.01012533524806426,0.9064113402357326,0.2026419799732295,0.7853613988798225,0.6902593866536157,-0.04567266909023177
1.336448889821092,1.01450238394962,0.24585813718502603,1.125775170567336,-0.7283486278797732,0.5217686933703424,-0.9564239405167099,-1.721612789767209
-0.9664531305689826,-1.5717782520242443,-0.9189392370917263,-0.6017149932940411,-0.49212713036483224,0.2443026875708896,0.44252826663684114,0.42959393229577675
-2.225182185192129,-0.0319695496814234,1.4106555114617783,-2.7130918602357244,1.592180200649353,-2.710710274193282,-0.08207881104574048,1.55522535663106
-0.3799998210286531,-0.555205516496945,-0.3642738207694633,-0.06701565686075768,0.04979277569885592,0.4385288916305065,0.6465421301800673,0.4796219955995671
0.993159147651143,1.6274359450763738,1.2026559803409298,1.2217468463374126,1.4949125252020243,0.5911351948202055,1.1420043702136167,0.8298184387260997
1.007462886908224,0.9098551905865155,0.31519131422530894,0.8927011008400074,-0.7283486278797732,0.3136691890207528,-0.8398445899205805,-1.7966548847228947
0.8072105373090872,1.2387463697277006,0.9391899075878548,0.7281782280913048,0.9252018547248138,0.036203183221300055,0.29680407839167955,0.2920167582103532
0.03480861742670196,-0.6000543136525612,-0.19787419587278438,-0.9581812175828966,-1.2563731517367,-1.337253545485991,-2.442810660617358,-1.233839172555253
1.3078414113069294,0.41651842187473803,-2.069869975960422,1.4959516342519168,-2.5347483147587337,1.4374065125085365,0.427955847812325,-2.4470197076721694
-0.8520232165123329,-1.781072638750453,-1.0714722265803487,-1.232386005497401,-1.2841639161502225,-0.4354890266377696,-0.883561846394129,-0.2582919381313408
0.37809835959665095,0.6258128086009467,0.5925240223864404,0.01524577951359361,-0.08916104636875642,-0.8100681344670309,-1.437313761725743,-0.7585725711692445
0.6927806232524376,-0.854197497534386,-1.8896037156556866,0.8652806220485569,-1.2563731517367,1.3125468098987827,0.8797008313723258,-0.2958129856091836
0.16354227074043284,0.9995527848977479,1.327455699013439,-0.1904078114222846,1.2864817921006058,-0.990421038236675,-0.19865816164186972,0.9548885969855756
0.3065796633112449,0.9098551905865155,0.7450570118750628,0.5636553553426022,1.0224695301721423,0.41078229105056124,0.9379905066703904,0.7922973912482569
-1.8961961822792612,-1.0634918842605947,0.3290579496333655,-1.3831986388503783,0.6889803572098727,-0.4632356272177149,0.47167310428587345,1.1174798027228943
-1.8961961822792612,-1.0634918842605947,0.3290579496333655,-1.3694883994546532,0.702875739416634,-0.4354890266377696,0.5008179419349057,1.1174798027228943
0.7070843625095188,-0.12166714399265569,-1.0298723203561788,1.0023830160058091,-0.4365456015377873,1.2709269090288648,1.1420043702136167,0.07939748916924415
-0.4515185173140591,-1.1232902804680829,-0.47520690403391586,-1.2049655267059505,-1.186896240702894,-1.0042943385266476,-1.5684655311463884,-0.6585164445616638
-1.1810092194252009,-0.40570952597822457,0.8143901889153456,-1.5614317509948061,0.7723526504504401,-1.4482399478057721,-0.3735271875360636,0.87984650202989
-1.8961961822792612,-1.0634918842605947,0.3290579496333655,-1.3694883994546532,0.6889803572098727,-0.44936232692774225,0.47167310428587345,1.1174798027228943
-1.3812615690243377,-0.5701551155488171,0.6341239286106102,-0.5605842751068655,1.0780510589991874,0.14718958554108116,0.9671353443194227,1.2425499609823702
0.14923853148335162,0.9098551905865155,0.9669231784039679,0.4265529613853501,1.3281679387208896,0.2026827867009717,0.9379905066703904,1.0424377077672087
-2.1393597496496417,-1.3026854690905474,0.17652496014474317,-1.5614317509948061,0.6195034461760666,-0.36612252518790644,0.47167310428587345,0.9548885969855756
0.4353133166249758,-0.2562135354595041,-1.0437389557642354,0.4265529613853501,-1.492594649251641,0.45240219192047915,-0.3735271875360636,-1.3589093308147289
0.7642993195378436,0.8351071953271554,0.8143901889153456,0.01524577951359361,-0.033579517541711484,-0.9210545367868119,-1.4227413429012268,-0.6460094287357162
-1.338350351253094,-0.6000543136525612,0.5925240223864404,-0.5194535569196898,1.0363649123789036,0.17493618612102643,0.9525629254949066,1.2050289135045273
0.4067058381108134,-0.07681834683703954,-1.0992054973964618,0.8241499038613813,-0.45044098374454855,1.146067206419111,1.1420043702136167,0.21697466325466766
0.7070843625095188,-0.10671754494078363,-1.0576055911722921,0.9475420584229083,-0.478231748158071,1.104447305549193,1.0254250196174874,0.016862410039506184
0.4353133166249758,-0.7196511060675376,-1.8341371740234602,0.673337270508404,-1.2980592983569839,1.2848002093188373,0.9088456690213581,-0.1832498431756553
0.22075722776875767,0.9995527848977479,1.0085230846281377,0.17976865226229619,1.2309002632735608,-0.3383759246079611,0.4862455231103896,0.9298745653336804
-0.4086072995428155,-1.1531894785718269,-0.6832064351547645,-1.0815733721444236,-1.2980592983569839,-0.8239414347570034,-1.5247482746728398,-0.7085445078654542
0.5497432306816254,0.9846031858458758,0.45385766830587465,1.1669058887545116,1.1058418234127099,1.2015604075790016,1.7103287043697466,1.0299306919412612
1.1648040187361175,0.6557120067046908,-0.2394741020969541,0.8241499038613813,-1.7010253823530597,0.25817598786086227,-1.816196651163163,-2.85975122992844
0.9788554083940617,0.3268208275635057,-1.0021390495400657,1.0983546917758855,-1.2146870051164165,1.0628274046792752,0.26765924074264724,-1.2463461883812006
-1.2811353942247692,-0.555205516496945,0.23199150177696948,-0.6291354720854915,0.8140387970707238,0.21655608699094434,0.9234180878458742,1.004916660289366
-1.3526540905101754,-2.692998180914648,-1.612271007494555,-1.287226963080302,-1.2702685339434614,0.07782308409121796,-0.08207881104574048,0.22948167908061526
1.3221451505640107,1.2237967706758286,0.5231908453461576,1.1531956493587865,-0.8395116855338631,0.28592258844080753,-1.816196651163163,-2.7346810716689642
-2.1822709674208856,-1.3923830634017798,0.3845244912655918,-1.4106191176418288,0.7862480326572013,-0.3245026243179885,0.5591076172329703,1.1174798027228943
-1.4241727867955813,-0.854197497534386,0.6618571994267233,-2.2332334813853416,0.35549118424760306,-2.141904962304404,-1.1750102228844521,0.6297061855109382
-1.1524017409110383,-0.0319695496814234,1.0501229908523073,-1.424329357037554,1.1614233522397548,-1.4204933472258268,-0.1112236486947728,1.1174798027228943
0.5497432306816254,0.26702243135601755,-0.41974036240168955,0.7555987068827552,-0.45044098374454855,0.7437414980099045,0.32594891604071186,-0.4709112071724499
0.42100957736789457,0.17732483704478527,-0.17014092505667122,0.4539734401768005,-0.22811486843636877,0.4246555913405339,0.07821779602393722,-0.283305969783236
0.4782245343962194,0.19227443609665731,-0.47520690403391586,0.673337270508404,-0.45044098374454855,0.7021215971399867,0.20936956544458263,-0.5334462863021878
0.993159147651143,1.2536959687795728,0.7727902826911759,1.125775170567336,0.5639219173490216,0.6743749965600414,0.3988110101632927,-0.1957568590016029
0.32088340256832615,0.9846031858458758,1.1194561678925903,-0.053305417465032465,1.0502602945856647,-0.879434635916894,-0.32980993106251516,0.5546640905552527
0.8930329728515745,0.745409601015923,-0.0037413001599923153,1.1120649311716109,0.2026419799732295,0.9795876029394394,0.704831805478132,-0.08319371656807455
0.09202357445502679,-0.8242982994306419,-1.0853388619884052,0.07008673709649448,-1.0618378008420428,0.3969089907605886,-0.1112236486947728,-0.4709112071724499
0.6784768839953563,-1.1531894785718269,-3.4288002459499665,1.1531956493587865,-1.6871300001462983,1.7148725183079891,1.5791769349491012,0.029369425865453776
0.9788554083940617,1.2088471716239566,0.31519131422530894,1.4685311554604665,0.9807833835518587,1.3957866116386184,1.6228941914226498,0.6922412646406761
0.3637946203395698,-0.6449031108081773,-1.8341371740234602,0.5773655947383275,-1.3814315915975512,1.0073342035193846,0.7631214807761966,-0.2582919381313408
-0.8377194772552518,-1.6016774501279885,-0.9189392370917263,-0.6291354720854915,-0.4365456015377873,0.25817598786086227,0.3988110101632927,0.32953780568819596
1.3221451505640107,1.2387463697277006,0.5231908453461576,1.1669058887545116,-0.8395116855338631,0.29979588873078017,-1.8016242323386469,-2.7471880874949117
0.5354394914245443,1.4928895536095255,1.327455699013439,0.8652806220485569,1.7311340227169654,0.4801487925004244,1.3751630714058751,1.342606087589951
0.06341609594086438,-1.0036934880531065,-1.1408054036206314,-0.3549306841709872,-1.895560733247717,-0.13027642025837158,-1.2332998981825167,-1.3714163466406766
-0.26556990697200344,0.4763168180822262,0.7727902826911759,-0.10814637504793333,1.1336325878262323,-0.19964292170823478,0.719404224302648,0.9799026286374708
1.2077152365073611,1.358343162142677,0.6618571994267233,1.37255947969039,0.5500265351422604,0.8824745009096309,0.44252826663684114,-0.2958129856091836
0.9788554083940617,1.2237967706758286,0.35679122044947864,1.4685311554604665,0.9807833835518587,1.381913311348646,1.5937493537736174,0.6797342488147285
0.16354227074043284,0.9098551905865155,0.9530565429959114,0.4402632007810753,1.300377174307367,0.23042938728091697,0.9379905066703904,1.004916660289366
-1.123794262396876,-1.0933910823643387,0.17652496014474317,-1.8630570177007608,-0.3253825438836974,-1.6285928515754164,-1.437313761725743,0.12942555247303453
0.9788554083940617,0.8799559924827715,0.20425823096085632,0.8789908614442822,-0.7978255389135794,0.3552890898906707,-0.8544170087450967,-1.909218027156423
0.5068320129103818,0.745409601015923,0.8421234597314587,-0.03959517806930725,-0.047474899748472715,-0.8655613356269214,-1.4810310181992914,-0.7460655553432969
0.16354227074043284,0.9995527848977479,1.327455699013439,-0.17669757202655942,1.2864817921006058,-0.990421038236675,-0.21323058046638588,0.9548885969855756
0.2493647062829201,0.07267764368168093,0.1626583247366866,-0.24524876900518547,-0.2836963972634137,-0.5326021286675781,-1.0292860346392907,-0.4959252388243451
-0.8949344342835766,-0.3758103278744805,0.6341239286106102,-1.2735167236845766,0.5778172995557829,-1.1985205425862646,-0.5046789569567091,0.6797342488147285
-2.0678410533642357,-0.6748023089119214,1.0085230846281377,-2.7816430572143505,0.9668880013450974,-2.6552170730333917,-0.883561846394129,1.129986818548842
0.14923853148335162,0.7603592000677951,1.3135890636053824,-1.1501245691230497,0.8974110903112913,-2.710710274193282,-1.8453414888121953,0.4546079639476719
0.3637946203395698,-0.19641513925201592,-1.0714722265803487,0.7555987068827552,-0.4365456015377873,1.0905740052592205,0.9671353443194227,-0.008151621612388998
0.8501217550803308,1.2237967706758286,0.6618571994267233,1.2217468463374126,1.0919464412059485,1.0212075038093573,1.2731561396342619,0.6547202171628334
-3.8128972427281433,-1.8857198321135573,0.6757238348347798,-2.1509720450109904,1.3420633209276507,-0.10252981967842631,1.2440113019852297,1.6677884990645884
0.5354394914245443,-0.7644999032231538,-1.778670632391234,0.7693089462784805,-1.2841639161502225,1.3541667107687005,0.8797008313723258,-0.2958129856091836
0.7213881017666,1.2387463697277006,0.7173237410589496,0.9201215796314578,0.827934179277485,0.5495152939502876,0.7339766431271643,0.2795097423844056
0.8930329728515745,0.730460001964051,-0.0037413001599923153,1.1120649311716109,0.21653736217999076,0.9657143026494668,0.704831805478132,-0.08319371656807455
-2.225182185192129,-0.0319695496814234,1.3967888760537217,-2.7268020996314495,1.592180200649353,-2.710710274193282,-0.09665122987025665,1.5427183408051124
-1.1380980016539572,-0.39075992692635253,0.5370574807542141,-1.5614317509948061,0.702875739416634,-1.5453530498355805,-0.5192513757812252,0.87984650202989
1.1075890617077926,1.1639983744683404,0.3429245850414221,1.1669058887545116,-0.07526566416199519,0.6605016962700687,-0.03836155457219202,-0.9211637769065633
-1.338350351253094,-0.6000543136525612,0.3845244912655918,-0.6017149932940411,0.9113064725180525,0.10556968467116323,0.8797008313723258,1.0549447235931564
-1.3669578297672564,-0.5851047146006891,0.6202572932025535,-0.5468740357111402,1.064155676792426,0.1610628858310538,0.9671353443194227,1.2300429451564225
-2.153663488906723,-1.3176350681424194,0.6479905640186667,-1.479170314620455,1.0224695301721423,-0.31062932402801585,0.7776938996007127,1.4801832616753745
0.5783507091957879,0.7753087991196672,0.8421234597314587,-0.03959517806930725,-0.047474899748472715,-0.879434635916894,-1.4227413429012268,-0.6960374920395066
0.37809835959665095,-0.10671754494078363,-1.1130721328045183,0.8241499038613813,-0.42265021933102603,1.0905740052592205,1.185721626687165,0.22948167908061526
-1.395565308281419,-0.5701551155488171,0.6341239286106102,-0.5742945145025906,1.0919464412059485,0.1333162852511085,0.9671353443194227,1.2550569768083177
0.8358180158232497,1.2088471716239566,0.6757238348347798,1.2080366069416872,1.0919464412059485,0.993460903229412,1.258583720809746,0.667227232988781
-1.123794262396876,-1.0933910823643387,0.19039159555279975,-1.8767672570964862,-0.3253825438836974,-1.6285928515754164,-1.437313761725743,0.1419325682989821
-2.9260654087891083,-1.2578366719349312,0.8559900951395154,-2.946165929963053,0.9946787657586199,-1.9754253588247324,-0.16951332399283742,1.3050850401121081
0.5783507091957879,1.1789479735202124,1.0223897200361942,0.6184963129255031,0.9113064725180525,-0.03316331822856313,0.2822316595671634,0.267002726558458
1.136196540221955,1.0892503792089803,0.509324209938101,1.1531956493587865,0.14706045114618457,0.7159948974299593,-0.22780299929090203,-0.8086006344730349
-1.2811353942247692,-0.6150039127044332,0.4399910328978181,-0.4920330781282394,0.939097236931575,0.2026827867009717,0.9088456690213581,1.0799587552450516
-1.2096166979393632,-2.3192582046178467,-1.34880493474148,-1.1501245691230497,-1.0757331830488042,0.06394978380124533,-0.06750639222122433,0.12942555247303453
0.07771983519794558,-1.5418790539205003,-2.638402027690742,0.28945056742809794,-1.895560733247717,0.9379677020695214,0.5153903607594219,-0.45840419134650234
-0.4229110387998967,-0.6299535117563053,-0.5445400810741987,0.07008673709649448,-0.005788753128189014,0.6188817954001508,0.9379905066703904,0.5796781222071479
0.6355656662241127,1.1639983744683404,0.8837233659556285,0.673337270508404,0.8974110903112913,0.036203183221300055,0.2822316595671634,0.21697466325466766
-0.00810260034454167,0.027828846526064793,-0.14240765424055807,0.49510415836397614,0.4805496241084542,0.9379677020695214,1.258583720809746,0.7172552962925713
-1.1380980016539572,-0.07681834683703954,1.0223897200361942,-1.424329357037554,1.1336325878262323,-1.4066200469358543,-0.15494090516832126,1.1049727868969468
0.7070843625095188,0.745409601015923,0.6479905640186667,0.0015355401178683943,0.04979277569885592,-0.9349278370767845,-1.437313761725743,-0.6460094287357162
0.6355656662241127,-0.09176794588891159,-0.7664062476031039,0.6047860735297779,-1.0618378008420428,0.5911351948202055,-0.25694783693993434,-1.0087128876881963
-0.03671007885870409,0.012879247474192746,-0.11467438342444491,0.4539734401768005,0.522235770728738,0.8963478011996036,1.2440113019852297,0.7297623121185189
0.5640469699387067,1.4928895536095255,1.3413223344214955,0.8789908614442822,1.7311340227169654,0.4801487925004244,1.3751630714058751,1.342606087589951
0.5211357521674631,0.23712323325227347,-0.405873726993633,0.74188846748703,-0.42265021933102603,0.7298681977199319,0.3113764972161957,-0.45840419134650234
0.5640469699387067,0.401568822822866,0.41225776208170495,-0.2726692477966359,-0.5477086591918772,-1.2540137437461552,-2.3262313100212286,-1.171304093425515
-0.8520232165123329,0.10257684178542503,0.9669231784039679,-0.6976866690641176,1.1336325878262323,-0.6713351315673044,0.3988110101632927,1.1675078660266847
-0.09392503588702893,0.5361152142897144,1.1887893449328732,-1.232386005497401,0.7862480326572013,-2.6552170730333917,-1.9327760017592923,0.4421009481217243
0.3924020988537322,-0.09176794588891159,-1.1130721328045183,0.8241499038613813,-0.45044098374454855,1.1599405067090836,1.1711492078626489,0.24198869490656286
1.3078414113069294,0.8799559924827715,-0.059207841792218614,1.0023830160058091,-1.3536408271840288,0.4246555913405339,-1.4810310181992914,-2.54707583427975
-0.051013818115785294,0.10257684178542503,-0.19787419587278438,0.48139391896825096,0.3971773308678868,0.9379677020695214,1.2294388831607135,0.7047482804666237
0.9073367121086557,-0.7495503041712817,-2.8325349234035335,1.1394854099630614,-1.9928284086950456,1.5206463142483722,0.9671353443194227,-0.7085445078654542
0.19214974925459524,0.7902583981715392,1.0362563554442508,-0.7251071478555681,0.8557249436910075,-1.989298659114705,-1.0147136158147745,0.4671149797736195
0.9502479298798994,-0.0319695496814234,-1.0021390495400657,0.8652806220485569,-1.3814315915975512,0.8963478011996036,-0.2715202557644505,-1.3338952991628337
-1.0951867838827136,-0.3459111297707364,0.5647907515703273,-1.547721511599081,0.6889803572098727,-1.5592263501255532,-0.5338237946057414,0.8548324703779948
1.3793601075923356,1.0294519830014919,-0.3642738207694633,1.3999799584818404,-1.7427115289733435,0.9240944017795488,-0.9564239405167099,-3.2099476730549727
1.336448889821092,1.01450238394962,0.25972477259308263,1.125775170567336,-0.7283486278797732,0.5217686933703424,-0.9418515216921937,-1.721612789767209
0.649869405481194,-0.046919148733295446,-1.0021390495400657,0.9749625372143587,-0.478231748158071,1.2848002093188373,1.1565767890381327,0.04187644169140137
1.0789815831936302,1.2985447659351887,0.703457105650893,1.249167325128863,0.5083403885219767,0.7992346991697951,0.47167310428587345,-0.283305969783236
-0.9092381735406578,-1.482080657713012,-0.9744057787239526,-0.5880047538983159,-0.5616040413986384,0.383035690470616,0.47167310428587345,0.5671711063812003
0.049112356683783165,-1.5418790539205003,-2.638402027690742,0.31687104621954837,-1.9372468798680007,0.9795876029394394,0.529962779583938,-0.45840419134650234
-2.7544205377041338,-1.8857198321135573,0.23199150177696948,-2.2469437207810667,0.5500265351422604,-0.8516880353369487,0.3113764972161957,1.1675078660266847
0.649869405481194,0.3268208275635057,-0.32267391454529354,0.7693089462784805,-0.38096407271074234,0.7021215971399867,0.23851440309361494,-0.4959252388243451
0.07771983519794558,0.5959136104972026,0.5786573869783839,0.48139391896825096,0.9807833835518587,0.535641993660315,1.1711492078626489,0.8548324703779948
-0.5373409528565464,-0.3758103278744805,0.25972477259308263,-0.9444709781871715,0.03589739349209469,-0.8516880353369487,-0.5483962134302575,0.21697466325466766
-0.29417738548616584,-0.21136473830388797,-0.1285410188325015,-0.17669757202655942,0.04979277569885592,0.1610628858310538,0.340521334865228,0.32953780568819596
0.49252827365330065,0.6407624076528188,0.5370574807542141,0.01524577951359361,-0.01968413533495025,-0.8655613356269214,-1.4664585993747752,-0.7085445078654542
-0.0653175573728665,0.08762724273355298,-0.17014092505667122,0.4539734401768005,0.4249680952814093,0.9240944017795488,1.2148664643361973,0.7297623121185189
0.34949088108248855,1.1938975725720844,1.230389251157043,0.17976865226229619,1.3420633209276507,-0.31062932402801585,0.5591076172329703,0.9924096444634184
0.9216404513657369,1.2835951668833168,0.9807898138120246,0.7555987068827552,0.6750849750031115,-0.15802302083831687,-0.43181686283412823,-0.20826387482755046
0.9645516691369805,1.2387463697277006,0.6618571994267233,1.194326367545962,0.49444500631521543,0.7437414980099045,0.4571006854613573,-0.35834806473892156
0.649869405481194,-0.07681834683703954,-0.7664062476031039,0.6047860735297779,-1.0618378008420428,0.6050084951101782,-0.2423754181154182,-1.021219903514144
-1.0236680875973074,-1.1382398795199549,-0.04534120638416204,-1.80821606011786,-0.478231748158071,-1.5869729507054984,-1.4810310181992914,0.04187644169140137
-1.4384765260526626,-0.9588446908974904,0.46772430371393126,-2.2058130025938913,0.230432744386752,-2.1141583617244586,-1.247872317007033,0.5796781222071479
1.3078414113069294,0.9846031858458758,0.2874580434091958,1.1120649311716109,-0.7005578634662507,0.49402209279039705,-0.970996359341226,-1.721612789767209
0.00620113891253954,-0.5851047146006891,-0.14240765424055807,-0.6428457114812167,-0.6449763346392058,-0.4771089275076875,-0.8106997522715482,-0.37085508056486916
0.9788554083940617,-0.017019950629551348,-1.0160056849481223,0.8652806220485569,-1.4092223560110737,0.9102211014895761,-0.25694783693993434,-1.3338952991628337
0.9788554083940617,-0.1665159411482718,-1.972803528104026,1.0023830160058091,-2.6598067546195847,1.0489541043893025,-0.32980993106251516,-2.396991644368379
0.9788554083940617,1.6274359450763738,1.2165226157489863,1.2080366069416872,1.5088079074087857,0.5911351948202055,1.1565767890381327,0.8298184387260997
0.049112356683783165,0.9995527848977479,1.1749227095248165,0.358001764406724,1.5643894362358306,0.10556968467116323,1.0545698572665196,1.2425499609823702
-1.6673363541659618,-1.198038275727443,0.509324209938101,-2.575989466278472,0.17485121555970703,-2.322257866074048,-1.4956034370238076,0.5796781222071479
0.22075722776875767,0.8052079972234113,1.2026559803409298,-0.8347890630213698,0.9807833835518587,-2.01704525969465,-1.0001411969902583,0.5421570747293051
1.1791077579931986,1.1789479735202124,0.4954575745300444,1.1531956493587865,-0.07526566416199519,0.5911351948202055,-0.1112236486947728,-0.9336707927325109
0.3924020988537322,0.9248047896383876,0.8837233659556285,0.24831984924092226,0.49444500631521543,-0.40774242605782435,-0.43181686283412823,-0.13322177987186493
0.6784768839953563,-0.13661674304452773,-1.0853388619884052,0.9475420584229083,-0.45044098374454855,1.1321939061291384,1.0545698572665196,0.05438345751734896
0.17784600999751404,0.7902583981715392,1.0362563554442508,-0.7251071478555681,0.8557249436910075,-1.989298659114705,-1.0147136158147745,0.4671149797736195
0.6069581877099504,0.8201575962752833,0.6202572932025535,0.358001764406724,0.2860142732137969,-0.1718963211282895,-0.4172444440096121,-0.20826387482755046
0.2922759240541637,0.5211656152378423,0.3706578558575352,0.41284272198962485,0.46665424190169297,0.3552890898906707,0.44252826663684114,0.267002726558458
0.5211357521674631,-0.6000543136525612,-1.5429378304542722,0.33058128561527356,-2.2151545240032253,0.4662754922104518,-0.7524100769734836,-1.8591899638526326
0.5068320129103818,-0.10671754494078363,-1.0021390495400657,0.549945115946877,-1.423117738217835,0.5911351948202055,-0.31523751223799895,-1.3714163466406766
0.07771983519794558,-1.9754174264247895,-3.0960009961566084,0.5225246371554266,-1.6315484713192534,1.3680400110586732,1.1711492078626489,0.24198869490656286
0.6641731447382752,1.1639983744683404,0.8559900951395154,0.7144679886955796,0.8557249436910075,0.10556968467116323,0.26765924074264724,0.1794536157768249
1.5080937609060665,1.2686455678314448,-0.0730744772002752,1.5096618736476421,-1.3953269738043126,0.9657143026494668,-0.7669824957979998,-2.822230182450597
-3.526822457586519,-1.7063246434910928,0.7311903764670061,-2.6856713814442736,1.1058418234127099,-1.0181676388166203,0.5445351984084542,1.5177043091532172
0.02050487816962075,0.8052079972234113,1.0501229908523073,-0.30008972658808636,1.0919464412059485,-0.9210545367868119,-0.18408574281735357,0.9048605336817852
-2.0535373141071545,-1.4073326624536517,0.41225776208170495,-1.3969088782461037,0.7445618860369176,-0.3383759246079611,0.5882524548820027,1.2300429451564225
-2.153663488906723,-1.2877358700386754,0.19039159555279975,-1.5751419903905313,0.6333988283828278,-0.3799958254778791,0.47167310428587345,0.9799026286374708
-0.8091119987410893,-1.497030256764884,-0.9189392370917263,-0.6291354720854915,-0.5060225125715935,0.45240219192047915,0.44252826663684114,0.2544957107325104
0.42100957736789457,0.8201575962752833,0.7450570118750628,0.28945056742809794,0.41107271307464804,-0.3383759246079611,-0.4755341193076767,-0.20826387482755046
0.3065796633112449,-0.1665159411482718,-0.5306734456661422,0.4402632007810753,-0.3253825438836974,0.4801487925004244,0.29680407839167955,-0.14572879569781252
-2.010626096335911,-1.2279374738311872,0.1626583247366866,-1.5614317509948061,0.6056080639693053,-0.3245026243179885,0.4862455231103896,1.0174236761153135
-1.5529064401093122,-0.854197497534386,0.7173237410589496,-2.2743641995725175,0.4388634774881705,-2.1141583617244586,-1.1312929664109037,0.7672833595963617
-1.1524017409110383,-0.046919148733295446,1.0362563554442508,-1.424329357037554,1.1475279700329934,-1.4204933472258268,-0.12579606751928896,1.1174798027228943
-0.5373409528565464,-0.3758103278744805,0.24585813718502603,-0.9444709781871715,0.03589739349209469,-0.8516880353369487,-0.5483962134302575,0.21697466325466766
-2.2108784459350477,-1.3475342662461636,0.41225776208170495,-1.4380395964332793,0.8001434148639626,-0.35224922489793375,0.5882524548820027,1.1424938343747895
0.03480861742670196,-1.5568286529723723,-2.6522686630987984,0.3031608068238231,-1.9511422620747618,0.9795876029394394,0.5153903607594219,-0.4709112071724499
0.5497432306816254,0.6856112048084348,0.7866569180992324,0.01524577951359361,-0.07526566416199519,-0.8239414347570034,-1.539320693497356,-0.7710795869951921
0.8072105373090872,0.745409601015923,0.703457105650893,0.0015355401178683943,-0.01968413533495025,-0.9488011373667572,-1.4227413429012268,-0.6084883812578734
-0.15113999291535377,-0.48045752123758484,-0.2949406437291804,-0.5468740357111402,-0.6310809524324446,-0.3938691257678517,-0.9272791028676776,-0.345841048912974
-1.2525279157106068,-0.5701551155488171,0.2181248663689129,-0.6154252326897663,0.8001434148639626,0.21655608699094434,0.9088456690213581,0.9799026286374708
-2.268093402963373,-2.663098982810904,-0.7248063413789342,-2.013869651053738,-0.42265021933102603,-0.40774242605782435,-0.03836155457219202,0.7422693279444665
1.1791077579931986,0.401568822822866,-1.2794717577011971,1.1394854099630614,-2.395794492691121,0.9657143026494668,-0.694120401675419,-2.9723143723619683
-0.4229110387998967,-0.5851047146006891,-0.5445400810741987,0.01524577951359361,0.03589739349209469,0.7437414980099045,0.9379905066703904,0.5046360272514623
0.5783507091957879,0.41651842187473803,0.41225776208170495,-0.2726692477966359,-0.5477086591918772,-1.2540137437461552,-2.3262313100212286,-1.171304093425515
0.07771983519794558,0.5959136104972026,0.5786573869783839,0.49510415836397614,0.9807833835518587,0.535641993660315,1.1711492078626489,0.8548324703779948
-1.7960700074796927,-2.139863015995382,-0.4613402686258593,-2.2195232419896165,-0.6727670990527282,-1.184647242296292,-0.970996359341226,0.2920167582103532
0.449617055882057,-0.22631433735576,-1.0714722265803487,0.4676836795725257,-1.5203854136651636,0.4801487925004244,-0.3443823498870313,-1.3714163466406766
-0.9092381735406578,-0.36086072882260845,0.6479905640186667,-1.2735167236845766,0.6056080639693053,-1.1985205425862646,-0.49010653813219285,0.7047482804666237
0.649869405481194,0.3716696247191219,-0.5306734456661422,1.0709342129844353,0.14706045114618457,1.1599405067090836,1.3023009772832943,0.36705885316603876
-0.3799998210286531,-0.6299535117563053,-0.4613402686258593,0.01524577951359361,0.07758354011237839,0.688248296850014,0.9088456690213581,0.4921290114255147
0.49252827365330065,0.20722403514852936,-0.48907353944197246,0.7007577492998543,-0.478231748158071,0.7159948974299593,0.22394198426909878,-0.5709673337800306
0.6069581877099504,0.9098551905865155,0.703457105650893,0.358001764406724,0.4805496241084542,-0.35224922489793375,-0.4463892816586444,-0.1832498431756553
-2.797331755475377,-1.9754174264247895,0.20425823096085632,-2.2469437207810667,0.5917126817625441,-0.7129550324372224,0.3696661725142603,1.280071008460213
0.3351871418254073,0.41651842187473803,0.31519131422530894,0.17976865226229619,0.17485121555970703,-0.10252981967842631,-0.31523751223799895,-0.1707428273497077
0.6355656662241127,0.6258128086009467,-0.01760793556804889,0.9475420584229083,0.17485121555970703,0.8269812997497403,0.719404224302648,-0.07068670074212696
0.07771983519794558,0.9248047896383876,0.9391899075878548,0.8104396644656561,1.5643894362358306,0.9379677020695214,1.7103287043697466,1.405141166719689
0.9073367121086557,1.2387463697277006,0.6479905640186667,1.2902980433160387,1.064155676792426,1.0767007049692479,1.287728558458778,0.6171991696849906
-2.311004620734616,-1.2279374738311872,0.31519131422530894,-1.5751419903905313,0.7445618860369176,-0.4632356272177149,0.5736800360574865,1.0424377077672087
-1.2668316549676881,-0.43560872408196866,0.3845244912655918,-0.6291354720854915,0.8696203258977688,-0.03316331822856313,0.8214111560742612,1.092465771070999
0.049112356683783165,0.9995527848977479,1.1887893449328732,0.358001764406724,1.5782848184425917,0.10556968467116323,1.0545698572665196,1.2550569768083177
0.32088340256832615,0.9846031858458758,1.1194561678925903,-0.03959517806930725,1.0502602945856647,-0.879434635916894,-0.32980993106251516,0.5546640905552527
-0.5230372135994652,-0.3758103278744805,0.24585813718502603,-0.9444709781871715,0.03589739349209469,-0.8378147350469761,-0.5483962134302575,0.21697466325466766
0.9073367121086557,0.745409601015923,-0.01760793556804889,1.125775170567336,0.2026419799732295,0.9795876029394394,0.704831805478132,-0.09570073239402214
-0.07962129662994771,-0.4954071202894569,-0.2533407375050107,-0.5880047538983159,-0.6032901880189221,-0.40774242605782435,-0.883561846394129,-0.37085508056486916
0.2922759240541637,-1.7212742425429648,-2.88800146503576,0.4265529613853501,-2.242945288416748,1.2015604075790016,0.5008179419349057,-0.5834743496059782
0.5211357521674631,0.2520728323041455,0.3706578558575352,-0.5057433175239646,-0.7839301567068182,-1.4204933472258268,-2.7051141994586487,-1.3714163466406766
0.649869405481194,0.8799559924827715,0.6618571994267233,0.39913248259389966,0.34159580204084183,-0.18576962141826214,-0.4172444440096121,-0.20826387482755046
-0.2512661677149222,-1.9156190302173013,-1.9450702572879128,-0.5880047538983159,-2.201259141796464,0.14718958554108116,-0.8106997522715482,-0.958684824384406
0.2922759240541637,-0.2861127335632482,-0.6138732581144817,0.01524577951359361,-0.9784655076014754,0.07782308409121796,-0.6795479828509029,-0.7835866028211397
-0.12253251440119134,-0.6449031108081773,-0.17014092505667122,-0.656555950876942,-0.658871716845967,-0.5326021286675781,-0.8398445899205805,-0.3333340330870264
0.3065796633112449,0.9547039877421317,1.0501229908523073,-0.1629873326308342,1.0502602945856647,-1.0042943385266476,-0.15494090516832126,0.6547202171628334
0.20645348851167647,-0.22631433735576,0.09332514769640371,-0.7936583448341941,-0.9367793609811917,-1.295633644616073,-2.09307260882897,-0.9836988560363011
1.3221451505640107,0.46136721903035416,-2.069869975960422,1.5370823524390924,-2.506957550345211,1.4790264133784543,0.4862455231103896,-2.4470197076721694
-0.13683625365827254,0.16237523799291323,0.3429245850414221,-0.2726692477966359,0.31380503762731937,-0.3245026243179885,0.06364537719942107,0.32953780568819596
0.8930329728515745,0.8052079972234113,0.3706578558575352,0.7967294250699308,-0.6310809524324446,0.2720492881508349,-0.9855687781657422,-1.8341759322007374
-0.022406339601622877,0.6557120067046908,0.9391899075878548,-0.7113969084598428,0.827934179277485,-1.836692355925006,-0.9855687781657422,0.6297061855109382
-0.7662007809698457,0.027828846526064793,0.5231908453461576,-0.053305417465032465,1.1058418234127099,0.4246555913405339,1.2294388831607135,1.1174798027228943
-2.153663488906723,-1.3176350681424194,0.6479905640186667,-1.49288055401618,1.0224695301721423,-0.31062932402801585,0.7776938996007127,1.4801832616753745
0.8215142765661685,0.6856112048084348,0.051725241472233986,1.0435137341929848,0.2721188910070357,0.8963478011996036,0.6465421301800673,-0.008151621612388998
0.3351871418254073,0.9995527848977479,1.16105607411676,-0.03959517806930725,1.1058418234127099,-0.9210545367868119,-0.31523751223799895,0.5921851380330955
-0.09392503588702893,0.10257684178542503,0.5786573869783839,-0.7525276266470184,0.31380503762731937,-1.1569006417163468,-1.0292860346392907,0.10441152082113933
-0.36569608177157187,0.4314680209266101,0.7727902826911759,-0.12185661444365854,1.175318734446516,-0.15802302083831687,0.7339766431271643,1.0549447235931564
0.5211357521674631,0.8201575962752833,0.9114566367717416,-0.09443613565220811,-0.005788753128189014,-0.9210545367868119,-1.349879248778646,-0.6710234603876114
0.22075722776875767,0.29692162945976164,0.7589236472831193,-1.0541528933529731,-0.10305642857551765,-2.308384565784076,-2.6759693618096163,-0.5084322546502927
0.8215142765661685,1.6124863460245018,1.285855792789269,1.125775170567336,1.5782848184425917,0.5772618945302329,1.2148664643361973,0.942381581159628
0.2779721847970825,0.4763168180822262,0.41225776208170495,0.37171200380244923,0.5083403885219767,0.29979588873078017,0.5008179419349057,0.35455183734009116
0.5354394914245443,0.8201575962752833,0.8837233659556285,-0.0807258962564829,-0.005788753128189014,-0.9210545367868119,-1.3644516676031622,-0.6710234603876114
-2.039233574850073,-1.198038275727443,0.20425823096085632,-1.5888522297862566,0.647294210589589,-0.3799958254778791,0.5153903607594219,1.0674517394191039
0.649869405481194,1.044401582053364,1.0085230846281377,0.28945056742809794,0.5917126817625441,-0.4632356272177149,-0.3735271875360636,-0.05817968491617937
0.5497432306816254,0.6856112048084348,0.8005235535072891,0.01524577951359361,-0.07526566416199519,-0.8239414347570034,-1.539320693497356,-0.7710795869951921
0.5640469699387067,-0.18146554020014388,-1.0576055911722921,0.49510415836397614,-1.47869926704488,0.4801487925004244,-0.25694783693993434,-1.208825140903358
0.20645348851167647,-0.22631433735576,0.10719178310446029,-0.7936583448341941,-0.9228839787744305,-1.295633644616073,-2.107645027653486,-0.9836988560363011
1.3650563683352543,1.044401582053364,0.23199150177696948,1.1394854099630614,-0.7422440100865345,0.535641993660315,-0.9418515216921937,-1.7341198055931568
-2.1822709674208856,-1.3774334643499078,0.39839112667364834,-1.424329357037554,0.7862480326572013,-0.3383759246079611,0.5736800360574865,1.129986818548842
0.7642993195378436,0.7753087991196672,0.5647907515703273,0.6184963129255031,-0.38096407271074234,0.05007648351127269,-1.1895826417089683,-1.6215566631596283
-2.153663488906723,-1.2727862709868034,0.19039159555279975,-1.5751419903905313,0.6333988283828278,-0.36612252518790644,0.4862455231103896,0.9799026286374708
0.49252827365330065,0.20722403514852936,-0.48907353944197246,0.7144679886955796,-0.478231748158071,0.7298681977199319,0.23851440309361494,-0.5709673337800306
0.34949088108248855,-1.4073326624536517,-2.4442691319779497,0.23460960984519705,-2.5764344613790175,0.7437414980099045,-0.4026720251850959,-1.4089373941185193
0.5211357521674631,0.2520728323041455,0.3706578558575352,-0.5057433175239646,-0.7839301567068182,-1.4204933472258268,-2.7196866182831645,-1.3714163466406766
0.37809835959665095,-0.10671754494078363,-1.1130721328045183,0.8241499038613813,-0.42265021933102603,1.0767007049692479,1.1711492078626489,0.21697466325466766
0.02050487816962075,0.8052079972234113,1.063989626260364,-0.2863794871923611,1.0919464412059485,-0.9210545367868119,-0.18408574281735357,0.9048605336817852
-0.32278486400032824,0.5510648133415864,0.7589236472831193,0.31687104621954837,1.3142725565141282,0.4801487925004244,1.3023009772832943,1.1925218976785799
0.4067058381108134,-0.07681834683703954,-1.0576055911722921,0.8241499038613813,-0.4643363659513098,1.0212075038093573,1.098287113740068,0.1794536157768249
0.37809835959665095,-0.09176794588891159,-1.0992054973964618,0.8241499038613813,-0.4365456015377873,1.0767007049692479,1.1565767890381327,0.21697466325466766
0.9073367121086557,-0.7495503041712817,-2.8325349234035335,1.1394854099630614,-1.9789330264882843,1.5067730139583995,0.9671353443194227,-0.7085445078654542
-2.454042013305428,-1.8707702330616853,0.25972477259308263,-2.7268020996314495,0.2026419799732295,-1.6702127524453343,-0.6649755640263867,0.8548324703779948
0.449617055882057,-0.21136473830388797,-1.0853388619884052,0.4676836795725257,-1.534280795871925,0.4801487925004244,-0.32980993106251516,-1.3714163466406766
-1.538602700852231,-2.872393369537112,-1.6677375491267814,-0.9444709781871715,-0.7561393922932957,0.6188817954001508,0.7776938996007127,0.7547763437704141
1.3793601075923356,1.01450238394962,-0.3642738207694633,1.3999799584818404,-1.7427115289733435,0.9240944017795488,-0.9564239405167099,-3.2099476730549727
-0.03671007885870409,0.012879247474192746,-0.11467438342444491,0.4539734401768005,0.5083403885219767,0.9102211014895761,1.2440113019852297,0.7297623121185189
-0.2798736462290846,-0.5701551155488171,-0.2533407375050107,-0.5880047538983159,-0.6866624812594895,-0.4632356272177149,-0.8981342652186453,-0.3208270172610788
1.1075890617077926,1.1789479735202124,0.3429245850414221,1.1669058887545116,-0.07526566416199519,0.6605016962700687,-0.03836155457219202,-0.9336707927325109
0.792906798052006,0.35672002566724986,-0.5445400810741987,0.9064113402357326,-0.5754994236053996,0.7853613988798225,0.32594891604071186,-0.5834743496059782
-2.797331755475377,-1.9604678273729175,0.06559187688029056,-2.3017846783639677,0.4249680952814093,-0.7823215338870855,0.29680407839167955,1.1049727868969468
-1.3526540905101754,-0.5402559174450731,0.3845244912655918,-0.656555950876942,0.8974110903112913,0.10556968467116323,0.9234180878458742,1.0549447235931564
-2.2108784459350477,-1.3325846671942916,0.41225776208170495,-1.4517498358290044,0.8001434148639626,-0.36612252518790644,0.6028248737065188,1.1550008502007372
0.8358180158232497,0.26702243135601755,-0.4613402686258593,0.9475420584229083,-0.478231748158071,0.9102211014895761,0.2530868219181311,-0.5709673337800306
-0.6946820846844397,-1.2877358700386754,-0.7109397059708776,-0.5605842751068655,-0.4643363659513098,0.2026827867009717,0.23851440309361494,0.3045237740363008
0.449617055882057,-0.18146554020014388,-0.960539143315896,0.5088143977597014,-1.3675362093907901,0.535641993660315,-0.3735271875360636,-1.3464023149887814
0.5497432306816254,0.6856112048084348,0.7866569180992324,0.01524577951359361,-0.07526566416199519,-0.8100681344670309,-1.539320693497356,-0.7710795869951921
1.1934114972502798,1.059351181105236,0.6757238348347798,0.6870475099041291,-0.6032901880189221,-0.4771089275076875,-2.3553761476702606,-2.159358343675375
0.6212619269670315,0.7155104029121789,0.5647907515703273,0.01524577951359361,0.03589739349209469,-0.9071812364968392,-1.4664585993747752,-0.683530476213559
0.20645348851167647,0.9995527848977479,1.0085230846281377,0.17976865226229619,1.2309002632735608,-0.3383759246079611,0.4862455231103896,0.9298745653336804
-0.8520232165123329,-1.781072638750453,-1.0576055911722921,-1.246096244893126,-1.2841639161502225,-0.4354890266377696,-0.883561846394129,-0.24578492230539326
-0.09392503588702893,0.012879247474192746,-0.11467438342444491,0.4539734401768005,0.5083403885219767,0.8269812997497403,1.2294388831607135,0.7297623121185189
0.8072105373090872,1.6124863460245018,1.2997224281973259,1.125775170567336,1.592180200649353,0.5633885942402602,1.2148664643361973,0.9673956128115232
1.3078414113069294,1.2237967706758286,0.5231908453461576,1.1394854099630614,-0.8256163033271019,0.28592258844080753,-1.830769069987679,-2.7221740558430163
1.4937900216489852,1.4480407564539093,0.3845244912655918,1.5919233100219934,-0.950674743187953,0.9240944017795488,-0.9418515216921937,-3.0848775147954965
-1.1380980016539572,0.012879247474192746,1.2165226157489863,-2.315494917759693,1.0780510589991874,-3.1407825831824336,-1.3790240864276784,1.004916660289366
-1.1667054801681196,-0.39075992692635253,0.8421234597314587,-1.5751419903905313,0.7723526504504401,-1.4482399478057721,-0.3880996063605798,0.8673394862039424
0.3637946203395698,-0.19641513925201592,-1.0576055911722921,0.74188846748703,-0.42265021933102603,1.0767007049692479,0.9671353443194227,-0.02065863743833659
0.8787292335944933,0.2819720304078896,-0.48907353944197246,0.933831819027183,-0.5199178947783547,0.8547279003296856,0.26765924074264724,-0.5459533021281354
0.8644254943374121,0.38661922377099395,0.07945851228834713,0.1934788916580214,-1.311954680563745,-0.5880953298274686,-2.4282382417928416,-2.2344004386310603
0.17784600999751404,1.074300780157108,1.3829222406456652,-0.2589590084009107,1.3281679387208896,-0.9765477379467025,-0.052933973396708175,1.0174236761153135
-0.3799998210286531,-0.5402559174450731,-0.3504071853614067,-0.06701565686075768,0.03589739349209469,0.41078229105056124,0.5882524548820027,0.4671149797736195
-1.5529064401093122,-2.872393369537112,-1.681604184534838,-0.9444709781871715,-0.7561393922932957,0.6188817954001508,0.7776938996007127,0.7547763437704141
0.5497432306816254,0.9995527848977479,0.9530565429959114,0.28945056742809794,0.49444500631521543,-0.40774242605782435,-0.43181686283412823,-0.13322177987186493
-0.5230372135994652,-2.3790566008253347,-2.3749359549376665,-0.46461259933678895,-1.9094561154544782,0.6050084951101782,0.06364537719942107,-0.23327790647944566
0.6784768839953563,-1.1531894785718269,-3.4288002459499665,1.180616128150237,-1.6871300001462983,1.7148725183079891,1.5791769349491012,0.04187644169140137
-0.00810260034454167,-2.035215822632278,-3.0544010899324388,0.49510415836397614,-1.5759669424922085,1.3541667107687005,1.2002940455116813,0.2544957107325104
-0.6803783454273584,-0.0319695496814234,0.6618571994267233,-0.7388173872512932,0.8974110903112913,-0.7129550324372224,0.23851440309361494,0.8548324703779948
-2.0678410533642357,-0.6748023089119214,1.0085230846281377,-2.767932817818625,0.9668880013450974,-2.6552170730333917,-0.883561846394129,1.129986818548842
0.6784768839953563,0.4314680209266101,-0.5445400810741987,1.1120649311716109,0.09147892231913964,1.2848002093188373,1.3023009772832943,0.2795097423844056
-2.425434534791266,-1.9006694311654293,0.20425823096085632,-2.7405123390271746,0.1609558333529458,-1.6979593530252797,-0.7232652393244513,0.8548324703779948
0.5640469699387067,0.26702243135601755,0.3706578558575352,-0.4509023599410637,-0.7978255389135794,-1.4343666475157995,-2.763403874756713,-1.3714163466406766
-2.225182185192129,-0.046919148733295446,1.3829222406456652,-2.7268020996314495,1.5782848184425917,-2.710710274193282,-0.09665122987025665,1.530211324979165
0.6641731447382752,0.8052079972234113,0.30132467881725233,1.0298034947972596,0.7584572682436789,0.7576147982998772,0.9525629254949066,0.4921290114255147
0.3637946203395698,-1.3774334643499078,-2.4581357673860063,0.2620300886366475,-2.5903298435857787,0.7714880985898498,-0.3735271875360636,-1.421444409944467
0.6069581877099504,0.9098551905865155,0.7173237410589496,0.3442915250109988,0.4805496241084542,-0.35224922489793375,-0.43181686283412823,-0.1832498431756553
-1.3669578297672564,-0.5851047146006891,0.509324209938101,-0.6428457114812167,1.0919464412059485,0.2026827867009717,1.098287113740068,1.405141166719689
0.7213881017666,0.23712323325227347,-0.4474736332178027,0.8789908614442822,-0.478231748158071,0.9102211014895761,0.22394198426909878,-0.5709673337800306
1.336448889821092,1.2536959687795728,0.509324209938101,1.180616128150237,-0.8673024499473856,0.29979588873078017,-1.7870518135141307,-2.759695103320859
0.22075722776875767,-0.3010623326151203,-0.01760793556804889,-0.7662378660427437,-0.9784655076014754,-1.2123938428762373,-2.1659347029515508,-1.1212760301217246
0.7499955802807624,-0.7794495022750257,-1.8341371740234602,0.8652806220485569,-1.2841639161502225,1.2570536087388922,0.8359835748987773,-0.3333340330870264
1.0503741046794677,0.9397543886902597,0.051725241472233986,1.0023830160058091,-0.6727670990527282,0.4246555913405339,-0.7086928204999352,-1.5215005365520478
1.0503741046794677,1.6274359450763738,1.0362563554442508,1.441110676669016,1.2725864098938446,1.0073342035193846,1.2148664643361973,0.4671149797736195
-0.7518970417127645,0.012879247474192746,0.509324209938101,-0.03959517806930725,1.0780510589991874,0.4385288916305065,1.2294388831607135,1.1049727868969468
0.5211357521674631,0.23712323325227347,0.3706578558575352,-0.4920330781282394,-0.7839301567068182,-1.4204933472258268,-2.7051141994586487,-1.3964303782925718
0.7213881017666,-0.09176794588891159,-1.0021390495400657,1.0160932554015343,-0.45044098374454855,1.2570536087388922,1.1128595325645843,0.04187644169140137
0.00620113891253954,0.5660144123934585,1.0917228970764772,-1.1638348085187749,0.6889803572098727,-2.6829636736133367,-1.918203582934776,0.2795097423844056
-3.29796262947322,-2.5584517894477994,-0.01760793556804889,-1.986449172262288,0.6611895927963503,0.05007648351127269,0.9379905066703904,1.405141166719689
0.7213881017666,1.0294519830014919,0.9391899075878548,0.37171200380244923,0.5083403885219767,-0.3799958254778791,-0.4172444440096121,-0.13322177987186493
0.3924020988537322,-0.9139958937418742,-1.9450702572879128,0.5910758341340526,-1.2146870051164165,0.9102211014895761,0.719404224302648,-0.22077089065349806
0.1206310529691892,0.9547039877421317,1.2997224281973259,-0.24524876900518547,1.2725864098938446,-0.990421038236675,-0.18408574281735357,0.9799026286374708
0.5640469699387067,1.358343162142677,1.230389251157043,0.6459167917169535,1.4810171429952632,0.00845658264135478,0.719404224302648,0.9173675495077328
0.449617055882057,0.8201575962752833,0.703457105650893,0.33058128561527356,0.3832819486611256,-0.31062932402801585,-0.49010653813219285,-0.22077089065349806
-2.311004620734616,-1.2428870728830592,0.30132467881725233,-1.5888522297862566,0.7306665038301564,-0.4771089275076875,0.5736800360574865,1.0174236761153135
-1.7960700074796927,-2.139863015995382,-0.4613402686258593,-2.2195232419896165,-0.6727670990527282,-1.184647242296292,-0.9564239405167099,0.21697466325466766
1.1934114972502798,1.1789479735202124,0.509324209938101,1.1531956493587865,-0.07526566416199519,0.5772618945302329,-0.1112236486947728,-0.9211637769065633
0.5640469699387067,0.2819720304078896,-0.4474736332178027,0.7693089462784805,-0.4643363659513098,0.7576147982998772,0.35509375368974416,-0.4959252388243451
1.007462886908224,0.6856112048084348,-0.5168068102580856,1.249167325128863,-0.5060225125715935,1.1599405067090836,0.6902593866536157,-0.7085445078654542
-0.9092381735406578,-0.36086072882260845,0.6341239286106102,-1.2735167236845766,0.5917126817625441,-1.1985205425862646,-0.5046789569567091,0.6922412646406761
0.23506096702583887,-1.497030256764884,-2.582935486058515,0.31687104621954837,-1.9094561154544782,0.9379677020695214,0.427955847812325,-0.5209392704762402
-0.3513923425144907,0.4314680209266101,0.9114566367717416,-0.09443613565220811,1.2864817921006058,-0.13027642025837158,0.7922663184252289,1.2050289135045273
-0.923541912797739,-1.0784414833124667,-0.0037413001599923153,-1.7945058207221347,-0.5199178947783547,-1.5869729507054984,-1.5247482746728398,-0.12071476404591733
0.6355656662241127,-0.10671754494078363,-0.9466725079078394,0.5910758341340526,-1.3258500627705063,0.7437414980099045,-0.32980993106251516,-1.2838672358590435
-1.5529064401093122,-0.8691470965862581,0.7173237410589496,-2.2606539601767923,0.4388634774881705,-2.100285061434486,-1.1312929664109037,0.7547763437704141
-0.9807568698260638,-1.8707702330616853,-1.0437389557642354,-1.232386005497401,-1.2563731517367,-0.421615726347797,-0.7961273334470321,-0.20826387482755046
0.6927806232524376,-0.13661674304452773,-1.0437389557642354,1.0160932554015343,-0.42265021933102603,1.29867350960881,1.1711492078626489,0.10441152082113933
-1.0951867838827136,-0.36086072882260845,0.4954575745300444,-1.5614317509948061,0.6056080639693053,-1.5592263501255532,-0.5483962134302575,0.667227232988781
0.5640469699387067,0.9995527848977479,0.45385766830587465,1.180616128150237,1.1058418234127099,1.215433707868974,1.7103287043697466,1.0174236761153135
-1.1810092194252009,-0.40570952597822457,0.8143901889153456,-1.5614317509948061,0.7723526504504401,-1.4343666475157995,-0.3735271875360636,0.87984650202989
0.2636684455400013,1.059351181105236,1.0501229908523073,0.23460960984519705,1.2447956454803222,-0.3383759246079611,0.47167310428587345,0.9173675495077328
0.7356918410236812,1.2237967706758286,0.703457105650893,0.9475420584229083,0.8001434148639626,0.5911351948202055,0.7339766431271643,0.2544957107325104
-1.2239204371964445,-0.4206591250300966,0.35679122044947864,-0.6291354720854915,0.827934179277485,-0.060909918808508406,0.7631214807761966,1.0549447235931564
0.5068320129103818,0.13247603988916912,-0.4613402686258593,0.6459167917169535,-0.5060225125715935,0.6050084951101782,0.22394198426909878,-0.4834182229983975
-1.338350351253094,-0.555205516496945,0.35679122044947864,-0.6428457114812167,0.8696203258977688,0.14718958554108116,0.9088456690213581,1.0299306919412612
0.14923853148335162,0.5211656152378423,0.39839112667364834,0.6047860735297779,0.8835157081045301,0.7714880985898498,1.185721626687165,0.8673394862039424
-0.46582225657114035,-0.6748023089119214,-0.5168068102580856,0.0015355401178683943,0.06368815790561716,0.5495152939502876,0.8942732501968419,0.5171430430774099
0.6069581877099504,0.4314680209266101,-0.5861399872983685,1.05722397358871,0.1192696867326621,1.1738138069990562,1.3168733961078105,0.36705885316603876
0.8644254943374121,0.7155104029121789,0.03785860606417741,1.0709342129844353,0.25822350880027445,0.9379677020695214,0.6756869678290996,-0.04567266909023177
-1.3240466119960128,-0.6150039127044332,0.3429245850414221,-0.5742945145025906,0.8696203258977688,0.14718958554108116,0.8797008313723258,1.0174236761153135
0.4067058381108134,-0.8990462946900022,-1.9312036218798563,0.5910758341340526,-1.2285823873231776,0.9102211014895761,0.719404224302648,-0.22077089065349806
0.6212619269670315,0.7155104029121789,0.5647907515703273,0.0015355401178683943,0.03589739349209469,-0.9071812364968392,-1.4664585993747752,-0.683530476213559
-0.8806306950264954,-1.452181459609268,-0.9189392370917263,-0.6428457114812167,-0.49212713036483224,0.4385288916305065,0.47167310428587345,0.5421570747293051
0.2779721847970825,-1.7212742425429648,-2.88800146503576,0.4265529613853501,-2.242945288416748,1.2015604075790016,0.5008179419349057,-0.5959813654319258
0.03480861742670196,-0.6000543136525612,-0.19787419587278438,-0.9444709781871715,-1.2563731517367,-1.337253545485991,-2.4282382417928416,-1.2213321567293054
1.1648040187361175,0.6557120067046908,-0.2394741020969541,0.8241499038613813,-1.6871300001462983,0.25817598786086227,-1.830769069987679,-2.85975122992844
0.5926544484528691,1.1639983744683404,1.0085230846281377,0.6322065523212282,0.8835157081045301,-0.005416717648617856,0.26765924074264724,0.24198869490656286
-0.0653175573728665,-0.017019950629551348,-0.10080774801638834,0.4265529613853501,0.5361311529354992,0.8824745009096309,1.2440113019852297,0.7422693279444665
0.8358180158232497,-0.21136473830388797,-1.0160056849481223,0.6184963129255031,-1.3675362093907901,0.646628395980096,-0.4026720251850959,-1.1337830459476723
0.5068320129103818,-0.6000543136525612,-1.5429378304542722,0.31687104621954837,-2.2151545240032253,0.45240219192047915,-0.7669824957979998,-1.846682948026685
0.20645348851167647,1.074300780157108,1.1333228033006468,0.7555987068827552,1.647761729476398,0.6605016962700687,1.5646045161245852,1.3926341508937414
-0.2512661677149222,-1.0634918842605947,-0.41974036240168955,-1.108993850935874,-1.1452100940826102,-0.9349278370767845,-1.5976103687954206,-0.7085445078654542
0.6212619269670315,0.6706616057565629,-0.01760793556804889,1.0846444523801604,0.6056080639693053,1.1738138069990562,1.3751630714058751,0.5171430430774099
0.449617055882057,0.08762724273355298,-0.3920070915855764,0.5773655947383275,-0.45044098374454855,0.535641993660315,0.16565230897103417,-0.43339015969460715
0.2779721847970825,-0.8392478984825139,-1.972803528104026,0.5225246371554266,-1.242477769529939,0.9102211014895761,0.7631214807761966,-0.20826387482755046
-0.022406339601622877,0.07267764368168093,-0.1840075604647278,0.5362348765511518,0.4388634774881705,0.8963478011996036,1.258583720809746,0.6797342488147285
-0.07962129662994771,0.2221736342004014,0.2735914080011392,-0.21782829021373504,0.230432744386752,-0.26900942315809795,0.13650747132200186,0.2544957107325104
0.02050487816962075,-1.5717782520242443,-2.666135298506855,0.28945056742809794,-1.9650376442815232,0.9518410023594941,0.4862455231103896,-0.4709112071724499
1.2935376720498484,1.5526879498170136,1.2442558865650994,0.7830191856742057,0.5500265351422604,-1.0459142393965657,-2.297086472372196,-1.0587409509919867
-1.0236680875973074,-1.1531894785718269,-0.059207841792218614,-1.80821606011786,-0.478231748158071,-1.5869729507054984,-1.4810310181992914,0.04187644169140137
0.8072105373090872,0.745409601015923,0.703457105650893,0.01524577951359361,-0.033579517541711484,-0.9349278370767845,-1.4227413429012268,-0.620995397083821
-0.03671007885870409,0.34177042661537776,1.063989626260364,-1.424329357037554,0.5917126817625441,-2.946556379122817,-2.384520985319293,0.24198869490656286
-0.6660746061702773,0.11752644083729707,0.869856730547572,-0.7113969084598428,1.0085741479653811,-0.7268283327271949,0.26765924074264724,0.942381581159628
0.449617055882057,-0.24126393640763205,-1.0714722265803487,0.4539734401768005,-1.5203854136651636,0.4801487925004244,-0.35895476871154747,-1.3714163466406766
0.6069581877099504,1.059351181105236,1.3413223344214955,-0.6017149932940411,0.9807833835518587,-2.7523301750632,-2.3116588911967124,0.2920167582103532
0.42100957736789457,0.8201575962752833,0.9946564492200811,-0.149277093235109,0.06368815790561716,-0.9765477379467025,-1.3790240864276784,-0.6710234603876114
0.7642993195378436,-0.12166714399265569,-1.0714722265803487,0.6047860735297779,-1.4648038848381186,0.5633885942402602,-0.2715202557644505,-1.1838111092514627
0.7070843625095188,0.6108632095490747,0.09332514769640371,0.933831819027183,0.230432744386752,0.7576147982998772,0.6465421301800673,-0.02065863743833659
-2.1965747066779664,-1.3624838652980356,0.41225776208170495,-1.4380395964332793,0.8001434148639626,-0.35224922489793375,0.5736800360574865,1.129986818548842
0.8501217550803308,1.2237967706758286,0.6757238348347798,1.2217468463374126,1.0919464412059485,1.0073342035193846,1.2731561396342619,0.6547202171628334
0.649869405481194,-0.07681834683703954,-0.7664062476031039,0.6047860735297779,-1.0757331830488042,0.6188817954001508,-0.2423754181154182,-1.021219903514144
0.049112356683783165,0.9846031858458758,1.16105607411676,0.37171200380244923,1.5504940540290693,0.10556968467116323,1.0399974384420034,1.2300429451564225
-2.983280365817433,-2.364107001773463,0.051725241472233986,-2.507438269299846,0.34159580204084183,-0.8239414347570034,0.10736263367296954,1.1424938343747895
0.7356918410236812,1.2237967706758286,0.6895904702428365,0.9475420584229083,0.8001434148639626,0.5911351948202055,0.7339766431271643,0.2544957107325104
0.4067058381108134,-0.7346007051194097,-1.8341371740234602,0.673337270508404,-1.2980592983569839,1.29867350960881,0.9234180878458742,-0.1707428273497077
0.792906798052006,0.9696535867940038,0.509324209938101,0.9201215796314578,0.04979277569885592,0.4662754922104518,-0.19865816164186972,-0.9086567610806157
-2.039233574850073,-1.198038275727443,0.19039159555279975,-1.5751419903905313,0.6333988283828278,-0.3799958254778791,0.5008179419349057,1.0674517394191039
0.649869405481194,-0.046919148733295446,-0.9882724141320092,0.9749625372143587,-0.478231748158071,1.2709269090288648,1.1420043702136167,0.04187644169140137
1.1505002794790362,0.6407624076528188,-0.2394741020969541,0.8241499038613813,-1.6871300001462983,0.25817598786086227,-1.816196651163163,-2.85975122992844
0.2922759240541637,-0.24126393640763205,-0.5722733518903119,-0.025884938673582037,-0.9645701253947142,0.036203183221300055,-0.7669824957979998,-0.7835866028211397
0.3351871418254073,0.9995527848977479,1.1471894387087034,-0.03959517806930725,1.0919464412059485,-0.8933079362068667,-0.31523751223799895,0.5921851380330955
0.5640469699387067,0.401568822822866,0.41225776208170495,-0.2863794871923611,-0.5477086591918772,-1.2540137437461552,-2.3262313100212286,-1.171304093425515
1.064677843936549,1.0294519830014919,0.3845244912655918,1.1531956493587865,0.03589739349209469,0.7437414980099045,-0.16951332399283742,-0.8961497452546681
0.06341609594086438,0.8351071953271554,1.0917228970764772,-0.24524876900518547,1.1058418234127099,-0.9349278370767845,-0.21323058046638588,0.8923535178558376
1.407967586106498,1.2835951668833168,0.07945851228834713,1.6193437888134439,-0.6032901880189221,1.2848002093188373,-0.09665122987025665,-2.059302217067794
0.42100957736789457,-0.10671754494078363,-1.0160056849481223,0.7555987068827552,-0.478231748158071,0.9102211014895761,0.9379905066703904,0.029369425865453776
0.9788554083940617,-0.15156634209639977,-1.972803528104026,1.0023830160058091,-2.6598067546195847,1.0628274046792752,-0.31523751223799895,-2.396991644368379
0.5211357521674631,-0.24126393640763205,-1.0298723203561788,0.4676836795725257,-1.4509085026313575,0.45240219192047915,-0.28609267458896664,-1.1838111092514627
1.007462886908224,0.8799559924827715,0.023991970656120836,0.9475420584229083,-0.7005578634662507,0.36916239018064334,-0.7378376581489675,-1.4839794890742048
0.6355656662241127,0.7902583981715392,0.24585813718502603,0.549945115946877,-0.10305642857551765,0.2443026875708896,-0.25694783693993434,-0.5959813654319258
0.23506096702583887,0.04277844557793684,0.12105841851251686,-0.2589590084009107,-0.2836963972634137,-0.5187288283776055,-1.0292860346392907,-0.4834182229983975
0.3351871418254073,1.01450238394962,1.1471894387087034,-0.03959517806930725,1.0919464412059485,-0.9071812364968392,-0.31523751223799895,0.5921851380330955
0.7213881017666,1.2387463697277006,0.869856730547572,1.0846444523801604,1.2447956454803222,0.8686012006196583,1.3023009772832943,0.8548324703779948
-0.0653175573728665,0.745409601015923,1.230389251157043,-0.7113969084598428,1.0919464412059485,-1.9199321576648418,-1.160437804059936,0.7672833595963617
-1.1810092194252009,-0.3459111297707364,0.9530565429959114,-1.5340112722033556,0.7862480326572013,-1.4343666475157995,-0.4755341193076767,0.9673956128115232
-1.1524017409110383,-1.452181459609268,-0.11467438342444491,-2.068710608636639,-0.7005578634662507,-1.7118326533152521,-1.7870518135141307,-0.09570073239402214
-0.00810260034454167,-0.5851047146006891,-0.15627428964861464,-0.6428457114812167,-0.6449763346392058,-0.4771089275076875,-0.8106997522715482,-0.37085508056486916
0.9359441906228181,1.313494364987061,0.9946564492200811,0.7830191856742057,0.7167711216233952,-0.15802302083831687,-0.4172444440096121,-0.20826387482755046
-0.7375933024556833,0.012879247474192746,0.4954575745300444,-0.025884938673582037,1.064155676792426,0.45240219192047915,1.2294388831607135,1.092465771070999
-0.8234157379981706,-1.4222822615055237,-0.9050726016836697,-0.656555950876942,-0.5060225125715935,0.4662754922104518,0.4571006854613573,0.35455183734009116
0.7356918410236812,-0.07681834683703954,-0.9882724141320092,1.0023830160058091,-0.45044098374454855,1.2431803084489195,1.098287113740068,0.029369425865453776
-1.3240466119960128,-0.5851047146006891,0.4954575745300444,-0.533163796315415,0.9946787657586199,0.1610628858310538,0.9234180878458742,1.129986818548842
0.8358180158232497,0.700560803860307,0.051725241472233986,1.05722397358871,0.2721188910070357,0.9102211014895761,0.6465421301800673,-0.02065863743833659
-0.8377194772552518,-1.6016774501279885,-0.9050726016836697,-0.6291354720854915,-0.4365456015377873,0.25817598786086227,0.3988110101632927,0.32953780568819596
0.9645516691369805,1.5377383507651416,1.1333228033006468,1.125775170567336,1.2170048810667997,0.45240219192047915,0.6611145490045834,0.4796219955995671
0.07771983519794558,0.401568822822866,0.6618571994267233,-0.30008972658808636,0.6750849750031115,-0.6297152306973866,-0.3735271875360636,0.3170307898622484
0.06341609594086438,0.13247603988916912,-0.2949406437291804,0.6459167917169535,0.29990965542055814,0.9379677020695214,1.258583720809746,0.6922412646406761
0.649869405481194,0.6258128086009467,-0.04534120638416204,0.9612522978186334,0.17485121555970703,0.840854600039713,0.7339766431271643,-0.08319371656807455
0.17784600999751404,0.8650063934308995,1.2026559803409298,-0.5468740357111402,1.0085741479653811,-1.6285928515754164,-0.9855687781657422,0.5171430430774099
-0.0653175573728665,-0.4206591250300966,-0.15627428964861464,-0.39606140235816284,-0.45044098374454855,-0.3245026243179885,-0.6358307263773544,-0.283305969783236
-1.5815139186234746,-2.797645374277752,-1.6261376429026115,-0.38235116296243765,-0.08916104636875642,1.146067206419111,1.550032097300069,1.217535929330475
-1.2668316549676881,-0.43560872408196866,0.3845244912655918,-0.6291354720854915,0.8696203258977688,-0.047036618518535765,0.806838737249745,1.0799587552450516
0.20645348851167647,0.8949055915346436,0.9946564492200811,-0.1629873326308342,1.0085741479653811,-1.0181676388166203,-0.19865816164186972,0.6422132013368858
0.7642993195378436,-0.12166714399265569,-1.0853388619884052,0.6047860735297779,-1.4648038848381186,0.5772618945302329,-0.25694783693993434,-1.1963181250774102
0.6641731447382752,0.38661922377099395,-0.5168068102580856,1.05722397358871,0.14706045114618457,1.1321939061291384,1.258583720809746,0.32953780568819596
0.3637946203395698,0.9995527848977479,0.9669231784039679,0.4676836795725257,1.2864817921006058,0.17493618612102643,0.7485490619516804,0.8423254545520472
-0.03671007885870409,-0.40570952597822457,-0.1285410188325015,-0.39606140235816284,-0.4365456015377873,-0.31062932402801585,-0.6212583075528383,-0.2707989539572884
-0.00810260034454167,0.08762724273355298,-0.19787419587278438,0.549945115946877,0.4249680952814093,0.9102211014895761,1.258583720809746,0.667227232988781
0.07771983519794558,-1.5418790539205003,-2.6522686630987984,0.3031608068238231,-1.895560733247717,0.9518410023594941,0.5153903607594219,-0.44589717552055474
-1.2382241764535256,-0.43560872408196866,0.3706578558575352,-0.6291354720854915,0.8418295614842463,-0.047036618518535765,0.7776938996007127,1.0674517394191039
-0.9092381735406578,-0.36086072882260845,0.6618571994267233,-1.2735167236845766,0.6056080639693053,-1.2123938428762373,-0.49010653813219285,0.7047482804666237
0.5926544484528691,0.4314680209266101,-0.5861399872983685,1.05722397358871,0.1192696867326621,1.187687107289029,1.3314458149323267,0.37956586899198635
1.3078414113069294,1.2237967706758286,0.5231908453461576,1.1531956493587865,-0.8256163033271019,0.28592258844080753,-1.830769069987679,-2.7346810716689642
-3.3122663687303007,-2.5285525913440554,0.01012533524806426,-2.000159411658013,0.6750849750031115,0.036203183221300055,0.9525629254949066,1.4301551983715841
0.7070843625095188,-0.10671754494078363,-1.0437389557642354,0.9475420584229083,-0.478231748158071,1.0905740052592205,1.0108526007929712,0.016862410039506184
0.06341609594086438,0.5959136104972026,0.5786573869783839,0.48139391896825096,0.9807833835518587,0.535641993660315,1.1711492078626489,0.8673394862039424
-1.1810092194252009,-0.40570952597822457,0.8143901889153456,-1.547721511599081,0.7862480326572013,-1.4343666475157995,-0.3735271875360636,0.87984650202989
1.0360703654223866,0.8949055915346436,0.06559187688029056,1.0023830160058091,-0.6171855702256833,0.535641993660315,-0.8106997522715482,-1.82166891637479
-1.0808830446256323,-0.3459111297707364,0.4954575745300444,-1.5614317509948061,0.6056080639693053,-1.5592263501255532,-0.5483962134302575,0.667227232988781
0.8215142765661685,1.1490487754164684,0.35679122044947864,1.37255947969039,1.0363649123789036,1.3125468098987827,1.6666114478961982,0.8298184387260997
-0.6803783454273584,0.10257684178542503,0.8559900951395154,-0.7113969084598428,1.0085741479653811,-0.7129550324372224,0.26765924074264724,0.942381581159628
-2.5112569703337533,-2.872393369537112,-0.8496060600514435,-1.5614317509948061,-0.005788753128189014,0.3136691890207528,0.8651284125478096,1.1424938343747895
0.7642993195378436,0.2819720304078896,-0.47520690403391586,0.9201215796314578,-0.5060225125715935,0.9518410023594941,0.2822316595671634,-0.5959813654319258
0.4353133166249758,1.059351181105236,1.1333228033006468,-0.13556685383938377,1.0780510589991874,-0.9626744376567298,-0.12579606751928896,0.7172552962925713
0.7356918410236812,1.2088471716239566,0.6757238348347798,0.9749625372143587,0.7723526504504401,0.6188817954001508,0.7339766431271643,0.24198869490656286
0.16354227074043284,-0.9438950918456183,-1.1685386744367445,-0.341220444775262,-1.8677699688341944,-0.10252981967842631,-1.33530682995413,-1.3714163466406766
0.4353133166249758,0.9098551905865155,0.8559900951395154,0.3031608068238231,0.4805496241084542,-0.35224922489793375,-0.4463892816586444,-0.14572879569781252
-0.43721477805697795,0.34177042661537776,0.7450570118750628,-0.13556685383938377,1.175318734446516,-0.13027642025837158,0.7922663184252289,1.092465771070999
0.20645348851167647,-0.8242982994306419,-1.681604184534838,0.48139391896825096,-1.0757331830488042,0.9518410023594941,0.6611145490045834,-0.3083200014351312
-0.5087334743423839,-0.3010623326151203,0.06559187688029056,-0.4097716417538881,0.2026419799732295,-0.005416717648617856,0.44252826663684114,0.4421009481217243
1.007462886908224,1.6124863460245018,1.063989626260364,1.3999799584818404,1.2864817921006058,0.9518410023594941,1.2002940455116813,0.5171430430774099
1.3221451505640107,1.2387463697277006,0.509324209938101,1.1669058887545116,-0.8534070677406244,0.29979588873078017,-1.8016242323386469,-2.7471880874949117
0.6927806232524376,-0.8392478984825139,-1.8896037156556866,0.8652806220485569,-1.2563731517367,1.3125468098987827,0.8797008313723258,-0.2958129856091836
-0.3799998210286531,-0.5701551155488171,-0.3642738207694633,-0.053305417465032465,0.04979277569885592,0.45240219192047915,0.6465421301800673,0.4921290114255147
0.23506096702583887,1.0294519830014919,1.0223897200361942,0.20718913105374662,1.2447956454803222,-0.3383759246079611,0.47167310428587345,0.9173675495077328
-0.3799998210286531,-0.6299535117563053,-0.47520690403391586,0.028956018909318825,0.07758354011237839,0.7021215971399867,0.9234180878458742,0.4921290114255147
-0.10822877514411013,0.5361152142897144,1.1887893449328732,-1.232386005497401,0.7862480326572013,-2.6552170730333917,-1.9473484205838085,0.4421009481217243
1.1505002794790362,0.8052079972234113,-0.1285410188325015,0.9201215796314578,-1.3397454449772677,0.3552890898906707,-1.4664585993747752,-2.5720898659316456
-0.051013818115785294,0.08762724273355298,-0.19787419587278438,0.4676836795725257,0.3971773308678868,0.9379677020695214,1.2294388831607135,0.7172552962925713
-0.32278486400032824,0.4763168180822262,0.8005235535072891,-0.12185661444365854,1.175318734446516,-0.18576962141826214,0.704831805478132,1.0424377077672087
1.3650563683352543,1.01450238394962,-0.3504071853614067,1.3999799584818404,-1.7427115289733435,0.9240944017795488,-0.9564239405167099,-3.2099476730549727
0.1206310529691892,0.9696535867940038,1.2997224281973259,-0.23153852960946025,1.2725864098938446,-0.990421038236675,-0.18408574281735357,0.9799026286374708
0.9216404513657369,1.1789479735202124,0.9391899075878548,0.49510415836397614,0.3832819486611256,-0.5880953298274686,-1.14586538523542,-0.5709673337800306
-1.1094905231397947,-0.4505583231338407,0.606390657794497,-1.5888522297862566,0.6611895927963503,-1.4759865483857173,-0.43181686283412823,0.6922412646406761
-0.36569608177157187,-0.6299535117563053,-0.48907353944197246,0.04266625830504404,0.06368815790561716,0.7021215971399867,0.9234180878458742,0.4796219955995671
0.6927806232524376,0.6557120067046908,-0.01760793556804889,1.0023830160058091,0.18874659776646827,0.9379677020695214,0.6902593866536157,-0.13322177987186493
0.9073367121086557,-0.10671754494078363,-0.960539143315896,0.8378601432571066,-1.3397454449772677,0.8547279003296856,-0.32980993106251516,-1.2838672358590435
0.3351871418254073,1.0892503792089803,1.285855792789269,-0.17669757202655942,1.175318734446516,-1.0042943385266476,-0.16951332399283742,0.8173114229001521
0.14923853148335162,-0.9588446908974904,-1.1685386744367445,-0.3549306841709872,-1.8677699688341944,-0.11640311996839896,-1.33530682995413,-1.3714163466406766
-1.1524017409110383,-0.36086072882260845,0.8559900951395154,-1.5888522297862566,0.7723526504504401,-1.4621132480957448,-0.4026720251850959,0.8423254545520472
0.14923853148335162,0.10257684178542503,0.13492505392057344,0.07008673709649448,0.07758354011237839,0.036203183221300055,-0.03836155457219202,0.05438345751734896
0.5068320129103818,0.9696535867940038,0.46772430371393126,1.1394854099630614,1.119737205619471,1.1738138069990562,1.6957562855452306,1.0424377077672087
-0.49442973508530275,-0.3010623326151203,0.06559187688029056,-0.39606140235816284,0.2026419799732295,-0.005416717648617856,0.4571006854613573,0.4421009481217243
0.8787292335944933,-0.06186874778516749,-1.0437389557642354,0.5088143977597014,-2.312422199450554,0.32754248931072544,-1.539320693497356,-2.647131960887331
0.9216404513657369,-0.06186874778516749,-0.9882724141320092,0.8515703826528317,-1.3675362093907901,0.8686012006196583,-0.3006650934134828,-1.3088812675109385
-2.725813059189971,-1.9006694311654293,0.12105841851251686,-2.2058130025938913,0.4388634774881705,-0.7129550324372224,0.3113764972161957,1.0799587552450516
0.6927806232524376,-0.5103567193413289,-1.4736046534139893,0.37171200380244923,-2.1734683773829415,0.4246555913405339,-0.9272791028676776,-1.846682948026685
-0.723289563198602,-0.046919148733295446,0.5647907515703273,-0.7388173872512932,0.8557249436910075,-0.6713351315673044,0.20936956544458263,0.8173114229001521
-2.7830280162182963,-1.9156190302173013,0.19039159555279975,-2.2743641995725175,0.5083403885219767,-0.8516880353369487,0.22394198426909878,1.1049727868969468
-0.3799998210286531,-0.6299535117563053,-0.47520690403391586,0.01524577951359361,0.07758354011237839,0.7021215971399867,0.9234180878458742,0.4921290114255147
0.7499955802807624,0.26702243135601755,-0.47520690403391586,0.9064113402357326,-0.49212713036483224,0.9379677020695214,0.26765924074264724,-0.5959813654319258
-0.8234157379981706,-1.4073326624536517,-0.9328058724997829,-0.6428457114812167,-0.5199178947783547,0.4801487925004244,0.47167310428587345,0.34204482151414356
1.007462886908224,1.5825871479207578,1.1749227095248165,1.1531956493587865,1.2447956454803222,0.45240219192047915,0.6611145490045834,0.4796219955995671
-1.1524017409110383,-1.452181459609268,-0.1285410188325015,-2.068710608636639,-0.7144532456730119,-1.7118326533152521,-1.7870518135141307,-0.09570073239402214
-0.03671007885870409,0.057728044629808885,-0.15627428964861464,0.5088143977597014,0.45275885969493174,0.8824745009096309,1.2440113019852297,0.6922412646406761
0.7786030587949249,0.9696535867940038,0.7173237410589496,0.48139391896825096,0.3971773308678868,-0.2551361228681253,-0.4755341193076767,-0.24578492230539326
-0.26556990697200344,-1.0784414833124667,-0.41974036240168955,-1.108993850935874,-1.1452100940826102,-0.9349278370767845,-1.6121827876199368,-0.7085445078654542
0.1206310529691892,0.5959136104972026,0.5231908453461576,0.5225246371554266,0.939097236931575,0.5911351948202055,1.2002940455116813,0.8173114229001521
-2.983280365817433,-2.364107001773463,0.06559187688029056,-2.507438269299846,0.35549118424760306,-0.8239414347570034,0.10736263367296954,1.1424938343747895
0.2922759240541637,-1.7212742425429648,-2.88800146503576,0.4265529613853501,-2.256840670623509,1.2015604075790016,0.5008179419349057,-0.5834743496059782
1.3793601075923356,1.0294519830014919,-0.3642738207694633,1.4136901978775656,-1.7427115289733435,0.9240944017795488,-0.9564239405167099,-3.2224546888809202
-1.2239204371964445,-0.4206591250300966,0.35679122044947864,-0.6291354720854915,0.8418295614842463,-0.060909918808508406,0.7631214807761966,1.0549447235931564
-0.4086072995428155,-0.5701551155488171,-0.5722733518903119,0.04266625830504404,0.00810662907857222,0.7576147982998772,0.9525629254949066,0.4921290114255147
0.049112356683783165,0.9995527848977479,1.1749227095248165,0.358001764406724,1.5782848184425917,0.10556968467116323,1.0545698572665196,1.2425499609823702
0.5783507091957879,0.9995527848977479,0.4399910328978181,1.194326367545962,1.1058418234127099,1.215433707868974,1.7103287043697466,1.0174236761153135
0.8215142765661685,-0.22631433735576,-1.0021390495400657,0.6184963129255031,-1.3536408271840288,0.6327550956901234,-0.4172444440096121,-1.1087690142957771
0.14923853148335162,0.5062160161859703,0.39839112667364834,0.6047860735297779,0.8974110903112913,0.7714880985898498,1.185721626687165,0.8673394862039424
0.8215142765661685,1.6124863460245018,1.285855792789269,1.125775170567336,1.5782848184425917,0.5772618945302329,1.2148664643361973,0.9298745653336804
0.4067058381108134,-0.09176794588891159,-1.1130721328045183,0.8241499038613813,-0.45044098374454855,1.1599405067090836,1.1565767890381327,0.22948167908061526
-0.32278486400032824,0.5510648133415864,0.7589236472831193,0.31687104621954837,1.3142725565141282,0.4801487925004244,1.287728558458778,1.1800148818526321
0.792906798052006,-0.9289454927937463,-3.248533985645231,1.0846444523801604,-2.3402129638640763,1.5067730139583995,0.9379905066703904,-0.7835866028211397
-0.3799998210286531,-0.6299535117563053,-0.4613402686258593,0.0015355401178683943,0.09147892231913964,0.688248296850014,0.9088456690213581,0.4921290114255147
0.5926544484528691,1.059351181105236,1.355188969829552,-0.6017149932940411,0.9946787657586199,-2.766203475353173,-2.28251405354768,0.3045237740363008
0.7070843625095188,1.2088471716239566,1.0501229908523073,0.5910758341340526,0.9113064725180525,-0.047036618518535765,0.3113764972161957,0.3170307898622484
-0.09392503588702893,0.20722403514852936,0.2874580434091958,-0.23153852960946025,0.25822350880027445,-0.2828827234480706,0.10736263367296954,0.267002726558458
0.9788554083940617,-0.017019950629551348,-1.0160056849481223,0.8652806220485569,-1.3953269738043126,0.8963478011996036,-0.2715202557644505,-1.3338952991628337
0.049112356683783165,0.9995527848977479,1.16105607411676,0.358001764406724,1.5643894362358306,0.10556968467116323,1.0399974384420034,1.2300429451564225
0.8215142765661685,1.2387463697277006,0.9391899075878548,0.7281782280913048,0.9252018547248138,0.036203183221300055,0.2822316595671634,0.2795097423844056
-0.30848112474324707,-0.6748023089119214,-0.22560746668889753,-0.6291354720854915,-0.7422440100865345,-0.5048555280876328,-0.9127066840431614,-0.35834806473892156
-2.0678410533642357,-0.6897519079637935,1.0085230846281377,-2.767932817818625,0.9529926191383362,-2.641343772743419,-0.883561846394129,1.129986818548842
-2.9975841050745142,-2.3491574027215907,0.06559187688029056,-2.521148508695571,0.35549118424760306,-0.8378147350469761,0.1219350524974857,1.1550008502007372
-0.5230372135994652,-0.3010623326151203,0.07945851228834713,-0.4097716417538881,0.21653736217999076,-0.019290017938590493,0.44252826663684114,0.4546079639476719
0.3065796633112449,1.044401582053364,1.258122521973156,-0.21782829021373504,1.1475279700329934,-1.0042943385266476,-0.15494090516832126,0.8173114229001521
-0.0653175573728665,0.07267764368168093,-0.15627428964861464,0.4402632007810753,0.4249680952814093,0.9102211014895761,1.2148664643361973,0.7297623121185189
0.4639207951391382,-1.0036934880531065,-1.8202705386154037,0.6047860735297779,-1.1591054762893716,1.0073342035193846,0.719404224302648,-0.22077089065349806
0.07771983519794558,0.9098551905865155,1.4522554176859481,-0.7388173872512932,1.1614233522397548,-1.836692355925006,-1.160437804059936,0.8673394862039424
-0.49442973508530275,-0.6299535117563053,-0.4474736332178027,0.028956018909318825,0.10537430452590087,0.6050084951101782,0.9525629254949066,0.7172552962925713
0.14923853148335162,0.7753087991196672,1.327455699013439,-1.1364143297273244,0.9113064725180525,-2.710710274193282,-1.8453414888121953,0.4671149797736195
1.0217666261653053,1.2686455678314448,0.7589236472831193,1.1669058887545116,0.5500265351422604,0.7159948974299593,0.41338342898780883,-0.23327790647944566
-1.0379718268543887,-1.0036934880531065,-0.08694111260833176,-1.0952836115401487,-0.033579517541711484,-0.49098222779766015,-0.1112236486947728,0.4421009481217243
0.7070843625095188,-0.09176794588891159,-1.0437389557642354,0.9612522978186334,-0.478231748158071,1.0905740052592205,1.0108526007929712,0.004355394213558593
0.2922759240541637,0.4763168180822262,0.41225776208170495,0.3854222431981744,0.5083403885219767,0.29979588873078017,0.5008179419349057,0.35455183734009116
-0.3513923425144907,-0.6150039127044332,-0.5029401748500291,0.05637649770076925,0.04979277569885592,0.7159948974299593,0.9379905066703904,0.4671149797736195
0.8930329728515745,-0.7346007051194097,-2.8325349234035335,1.1531956493587865,-1.9928284086950456,1.5206463142483722,0.9671353443194227,-0.7210515236914018
-1.3097428727389318,-0.555205516496945,0.2874580434091958,-0.656555950876942,0.8418295614842463,0.17493618612102643,0.9234180878458742,1.0549447235931564
0.5783507091957879,0.41651842187473803,0.41225776208170495,-0.2726692477966359,-0.5477086591918772,-1.2540137437461552,-2.340803728845745,-1.171304093425515
0.7642993195378436,-0.13661674304452773,-1.0853388619884052,0.6047860735297779,-1.4648038848381186,0.5633885942402602,-0.2715202557644505,-1.1838111092514627
-0.43721477805697795,-0.6299535117563053,-0.5306734456661422,0.05637649770076925,0.00810662907857222,0.6188817954001508,0.9379905066703904,0.5921851380330955
0.8644254943374121,-0.6000543136525612,-2.721601840139081,0.9749625372143587,-2.6875975190331074,1.2570536087388922,0.26765924074264724,-1.721612789767209
0.8072105373090872,0.9696535867940038,0.4954575745300444,0.933831819027183,0.022002011285333457,0.4801487925004244,-0.16951332399283742,-0.9211637769065633
-0.4086072995428155,0.3716696247191219,0.7589236472831193,-0.12185661444365854,1.175318734446516,-0.1441497205483442,0.7631214807761966,1.0799587552450516
0.649869405481194,0.730460001964051,0.6895904702428365,0.28945056742809794,-0.22811486843636877,-0.421615726347797,-1.3935965052521946,-1.1963181250774102
0.3351871418254073,-0.7047015070156656,-1.87573708024763,0.5773655947383275,-1.3675362093907901,1.0489541043893025,0.7922663184252289,-0.23327790647944566
0.5783507091957879,0.26702243135601755,0.3706578558575352,-0.4509023599410637,-0.7978255389135794,-1.4343666475157995,-2.763403874756713,-1.3714163466406766
0.8644254943374121,0.2520728323041455,-0.47520690403391586,0.9064113402357326,-0.49212713036483224,0.840854600039713,0.23851440309361494,-0.5334462863021878
-1.123794262396876,0.012879247474192746,1.2026559803409298,-2.315494917759693,1.064155676792426,-3.1269092828924614,-1.3790240864276784,0.9924096444634184
0.7499955802807624,0.745409601015923,0.606390657794497,0.04266625830504404,0.022002011285333457,-0.9071812364968392,-1.4810310181992914,-0.6710234603876114
1.4651825431348229,1.3732927611945491,0.13492505392057344,1.5096618736476421,-0.8673024499473856,0.9518410023594941,-0.19865816164186972,-2.0342881854158987
1.007462886908224,0.9098551905865155,0.3290579496333655,0.8927011008400074,-0.7144532456730119,0.3136691890207528,-0.8544170087450967,-1.784147868896947
0.34949088108248855,-1.4073326624536517,-2.4442691319779497,0.23460960984519705,-2.5625390791722564,0.7437414980099045,-0.4026720251850959,-1.4089373941185193
0.9216404513657369,-0.07681834683703954,-0.9882724141320092,0.8515703826528317,-1.3675362093907901,0.8686012006196583,-0.31523751223799895,-1.3088812675109385
0.2779721847970825,-0.1665159411482718,-0.5445400810741987,0.4265529613853501,-0.3253825438836974,0.49402209279039705,0.32594891604071186,-0.13322177987186493
0.4782245343962194,0.6557120067046908,0.5370574807542141,0.01524577951359361,-0.005788753128189014,-0.8655613356269214,-1.4664585993747752,-0.7085445078654542
0.3065796633112449,-0.1665159411482718,-0.5445400810741987,0.4402632007810753,-0.3253825438836974,0.4801487925004244,0.29680407839167955,-0.14572879569781252
-0.6946820846844397,-1.2727862709868034,-0.7109397059708776,-0.5742945145025906,-0.4643363659513098,0.18880948641099907,0.22394198426909878,0.3045237740363008
0.9645516691369805,0.8201575962752833,0.01012533524806426,0.8927011008400074,-0.7005578634662507,0.3136691890207528,-0.7669824957979998,-1.4589654574223097
0.7356918410236812,-0.06186874778516749,-0.9744057787239526,1.0023830160058091,-0.4643363659513098,1.2431803084489195,1.083714694915552,0.029369425865453776
-0.8234157379981706,-1.5418790539205003,-0.8912059662756131,-0.656555950876942,-0.45044098374454855,0.3969089907605886,0.41338342898780883,0.3045237740363008
0.5211357521674631,0.745409601015923,0.8421234597314587,-0.03959517806930725,-0.047474899748472715,-0.8655613356269214,-1.4810310181992914,-0.7460655553432969
0.5354394914245443,-0.7644999032231538,-1.7925372677992906,0.7693089462784805,-1.2841639161502225,1.3541667107687005,0.8797008313723258,-0.2958129856091836
-0.3513923425144907,0.4314680209266101,0.7866569180992324,-0.12185661444365854,1.175318734446516,-0.1718963211282895,0.7339766431271643,1.0549447235931564
0.7213881017666,1.0294519830014919,0.9391899075878548,0.358001764406724,0.522235770728738,-0.3938691257678517,-0.4172444440096121,-0.13322177987186493
0.49252827365330065,-0.12166714399265569,-0.9882724141320092,0.5362348765511518,-1.4092223560110737,0.5772618945302329,-0.32980993106251516,-1.3714163466406766
0.5640469699387067,1.358343162142677,1.230389251157043,0.6459167917169535,1.4949125252020243,0.00845658264135478,0.719404224302648,0.9173675495077328
0.32088340256832615,1.044401582053364,1.258122521973156,-0.21782829021373504,1.1475279700329934,-1.0042943385266476,-0.15494090516832126,0.8173114229001521
0.6927806232524376,0.20722403514852936,-0.43360699780974615,0.8515703826528317,-0.4643363659513098,0.8963478011996036,0.20936956544458263,-0.558460317954083
1.0360703654223866,1.3882423602464211,0.703457105650893,1.3314287615032143,0.7723526504504401,0.8824745009096309,0.7776938996007127,0.04187644169140137
-0.8377194772552518,-1.5418790539205003,-0.8912059662756131,-0.656555950876942,-0.4643363659513098,0.3969089907605886,0.3988110101632927,0.3045237740363008
0.6355656662241127,-0.0020703515776793013,-1.0298723203561788,0.9064113402357326,-0.49212713036483224,0.993460903229412,0.9817077631439389,0.004355394213558593
-0.32278486400032824,-0.5851047146006891,-0.5168068102580856,0.07008673709649448,0.00810662907857222,0.7437414980099045,0.9525629254949066,0.4421009481217243
-0.09392503588702893,0.11752644083729707,0.5925240223864404,-0.7525276266470184,0.29990965542055814,-1.1569006417163468,-1.0292860346392907,0.10441152082113933
-1.3240466119960128,-0.5851047146006891,0.4954575745300444,-0.533163796315415,0.9946787657586199,0.1610628858310538,0.9379905066703904,1.129986818548842
0.32088340256832615,0.5211656152378423,0.3845244912655918,0.41284272198962485,0.46665424190169297,0.34141578960069807,0.44252826663684114,0.2544957107325104
-0.03671007885870409,-0.43560872408196866,-0.0037413001599923153,-0.8896300206042707,-1.0201516542217592,-1.2123938428762373,-2.0639277711799378,-1.021219903514144
0.03480861742670196,0.8201575962752833,1.0778562616684206,-0.2726692477966359,1.0919464412059485,-0.9210545367868119,-0.19865816164186972,0.9048605336817852
0.6927806232524376,0.5211656152378423,0.5925240223864404,-0.2589590084009107,-0.478231748158071,-1.3233802451960184,-2.3262313100212286,-1.1212760301217246
0.14923853148335162,0.9696535867940038,1.5077219593181743,-0.7662378660427437,1.2309002632735608,-1.9338054579548143,-1.0584308722883229,0.8173114229001521
0.42100957736789457,1.2985447659351887,1.618655042582627,-0.7662378660427437,1.5365986718223081,-3.1546558834724063,-1.539320693497356,0.9548885969855756
0.32088340256832615,0.6407624076528188,0.6341239286106102,-0.06701565686075768,-0.047474899748472715,-0.8516880353369487,-1.3790240864276784,-0.7335585395173494
1.3221451505640107,1.01450238394962,0.2735914080011392,1.1669058887545116,-0.5754994236053996,0.6188817954001508,-0.9855687781657422,-1.696598758115314
-0.7375933024556833,0.012879247474192746,0.509324209938101,-0.025884938673582037,1.064155676792426,0.45240219192047915,1.2294388831607135,1.092465771070999
-0.8234157379981706,-1.511979855816756,-0.9189392370917263,-0.6428457114812167,-0.49212713036483224,0.4246555913405339,0.427955847812325,0.2795097423844056
0.2922759240541637,-0.1665159411482718,-0.5445400810741987,0.4265529613853501,-0.3253825438836974,0.49402209279039705,0.32594891604071186,-0.13322177987186493
0.13493479222627042,-1.2129878747793152,-1.2794717577011971,-0.5057433175239646,-2.1595729951761804,-0.24126282257815268,-1.6704724629180014,-1.5590215840298904
0.9216404513657369,-0.07681834683703954,-0.9882724141320092,0.8515703826528317,-1.3536408271840288,0.8686012006196583,-0.31523751223799895,-1.296374251684991
1.3078414113069294,0.4314680209266101,-2.069869975960422,1.4959516342519168,-2.5347483147587337,1.451279812798509,0.4571006854613573,-2.4470197076721694
0.23506096702583887,0.4464176199784821,0.3290579496333655,0.4265529613853501,0.49444500631521543,0.3552890898906707,0.5153903607594219,0.41708691646982915
0.8787292335944933,0.8052079972234113,0.3845244912655918,0.7830191856742057,-0.6171855702256833,0.25817598786086227,-1.0001411969902583,-1.82166891637479
0.17784600999751404,1.059351181105236,1.1194561678925903,0.7555987068827552,1.647761729476398,0.688248296850014,1.5791769349491012,1.3926341508937414
0.4782245343962194,0.6407624076528188,0.5509241161622707,0.01524577951359361,-0.005788753128189014,-0.879434635916894,-1.4664585993747752,-0.7085445078654542
1.2506264542786047,0.9995527848977479,-0.2533407375050107,1.2765878039203133,-1.4648038848381186,0.840854600039713,-0.7232652393244513,-2.884765261580335
0.7213881017666,1.2237967706758286,0.869856730547572,1.0846444523801604,1.2309002632735608,0.8547279003296856,1.3023009772832943,0.8548324703779948
-1.1094905231397947,-0.4505583231338407,0.6202572932025535,-1.5888522297862566,0.6611895927963503,-1.4759865483857173,-0.43181686283412823,0.6922412646406761
0.8215142765661685,1.6124863460245018,1.2997224281973259,1.125775170567336,1.592180200649353,0.5772618945302329,1.2148664643361973,0.9673956128115232
0.5926544484528691,-0.06186874778516749,-1.0853388619884052,0.9064113402357326,-0.45044098374454855,1.03508080409933,1.0691422760910358,0.06689047334329655
-2.797331755475377,-1.9604678273729175,0.07945851228834713,-2.3017846783639677,0.4249680952814093,-0.7684482335971129,0.29680407839167955,1.1174798027228943
-3.29796262947322,-2.5734013884996716,-0.04534120638416204,-2.000159411658013,0.6889803572098727,0.06394978380124533,0.9671353443194227,1.4176481825456364
0.4639207951391382,-0.21136473830388797,-1.0853388619884052,0.4676836795725257,-1.534280795871925,0.4801487925004244,-0.32980993106251516,-1.383923362466624
-0.5373409528565464,-0.3160119316669923,0.09332514769640371,-0.42348188114961327,0.25822350880027445,-0.047036618518535765,0.41338342898780883,0.4796219955995671
-2.8831541910178644,-1.9455182283210455,0.3290579496333655,-2.2743641995725175,0.6611895927963503,-0.8378147350469761,0.340521334865228,1.2425499609823702
1.2077152365073611,1.1340991763645962,0.46772430371393126,1.2217468463374126,0.09147892231913964,0.7992346991697951,-0.16951332399283742,-0.8711357136027729
-2.024929835592992,-1.2279374738311872,0.17652496014474317,-1.5614317509948061,0.6195034461760666,-0.3383759246079611,0.4862455231103896,1.0424377077672087
-0.723289563198602,0.23712323325227347,1.0778562616684206,-0.7388173872512932,1.1614233522397548,-0.7684482335971129,0.2822316595671634,1.092465771070999
0.22075722776875767,-0.36086072882260845,-0.4613402686258593,0.0015355401178683943,-0.8256163033271019,0.1333162852511085,-0.5338237946057414,-0.6084883812578734
-1.066579305368551,-0.33096153071886436,0.509324209938101,-1.5614317509948061,0.5917126817625441,-1.5592263501255532,-0.5483962134302575,0.667227232988781
0.4067058381108134,-0.13661674304452773,-1.0576055911722921,0.7555987068827552,-0.45044098374454855,0.9518410023594941,1.0108526007929712,0.09190450499519173
1.0932853224507113,1.1490487754164684,0.3290579496333655,1.1531956493587865,-0.08916104636875642,0.646628395980096,-0.052933973396708175,-0.9086567610806157
-2.0535373141071545,-1.4073326624536517,0.4261243974897615,-1.3831986388503783,0.7445618860369176,-0.3245026243179885,0.5882524548820027,1.2300429451564225
-0.49442973508530275,-0.6748023089119214,-0.4613402686258593,0.01524577951359361,0.1609558333529458,0.688248296850014,1.0399974384420034,0.7047482804666237
-1.1667054801681196,-0.43560872408196866,0.703457105650893,-1.5065907934119054,0.7584572682436789,-1.48985984867569,-0.5483962134302575,1.0174236761153135
0.9788554083940617,1.2088471716239566,0.3429245850414221,1.4685311554604665,0.9807833835518587,1.381913311348646,1.5937493537736174,0.6797342488147285
-1.195312958682282,-0.4655079221857128,0.6757238348347798,-1.5065907934119054,0.7584572682436789,-1.4759865483857173,-0.5338237946057414,1.0299306919412612
0.6355656662241127,0.6258128086009467,-0.03147457097610547,0.9612522978186334,0.17485121555970703,0.840854600039713,0.7339766431271643,-0.07068670074212696
0.00620113891253954,-2.0202662235804056,-3.0682677253404953,0.5088143977597014,-1.5759669424922085,1.3680400110586732,1.2002940455116813,0.24198869490656286
0.2493647062829201,1.044401582053364,1.0362563554442508,0.22089937044947183,1.2447956454803222,-0.3383759246079611,0.47167310428587345,0.9173675495077328
0.2922759240541637,-0.1665159411482718,-0.5445400810741987,0.4265529613853501,-0.3253825438836974,0.49402209279039705,0.32594891604071186,-0.14572879569781252
0.4639207951391382,-1.0036934880531065,-1.8064039032073471,0.6047860735297779,-1.1730008584961327,0.993460903229412,0.704831805478132,-0.22077089065349806
0.8072105373090872,0.35672002566724986,-0.5306734456661422,0.9201215796314578,-0.5754994236053996,0.7853613988798225,0.340521334865228,-0.5834743496059782
-0.8377194772552518,-1.4222822615055237,-0.9050726016836697,-0.656555950876942,-0.5060225125715935,0.4662754922104518,0.44252826663684114,0.35455183734009116
0.5783507091957879,0.7753087991196672,0.8421234597314587,-0.03959517806930725,-0.033579517541711484,-0.879434635916894,-1.4081689240767106,-0.6960374920395066
0.9073367121086557,1.0892503792089803,0.6895904702428365,0.9475420584229083,0.1609558333529458,0.4246555913405339,-0.19865816164186972,-0.8586286977768253
0.7499955802807624,0.6407624076528188,0.06559187688029056,0.9749625372143587,0.2026419799732295,0.7992346991697951,0.6756869678290996,-0.07068670074212696
0.37809835959665095,-1.3624838652980356,-2.472002402794063,0.2620300886366475,-2.60422522579254,0.7714880985898498,-0.3735271875360636,-1.4339514257704145
1.0360703654223866,0.8650063934308995,0.09332514769640371,0.9886727766100839,-0.6171855702256833,0.5217686933703424,-0.8252721710960644,-1.82166891637479
-1.338350351253094,-0.5701551155488171,0.3429245850414221,-0.6291354720854915,0.8418295614842463,0.14718958554108116,0.8942732501968419,1.0174236761153135
1.064677843936549,0.9397543886902597,0.06559187688029056,1.0023830160058091,-0.6727670990527282,0.4385288916305065,-0.694120401675419,-1.5340075523779952
0.6355656662241127,-0.09176794588891159,-0.9466725079078394,0.5910758341340526,-1.3258500627705063,0.7437414980099045,-0.32980993106251516,-1.2838672358590435
0.5068320129103818,0.745409601015923,0.8559900951395154,-0.03959517806930725,-0.033579517541711484,-0.8655613356269214,-1.4810310181992914,-0.7460655553432969
1.4222713253635793,1.2985447659351887,0.07945851228834713,1.633054028209169,-0.6171855702256833,1.2848002093188373,-0.08207881104574048,-2.059302217067794
0.9645516691369805,-0.1665159411482718,-1.972803528104026,1.0023830160058091,-2.6598067546195847,1.0489541043893025,-0.32980993106251516,-2.396991644368379
0.22075722776875767,0.8201575962752833,1.2026559803409298,-0.8347890630213698,0.9807833835518587,-2.01704525969465,-1.0001411969902583,0.5421570747293051
-2.2108784459350477,-1.3325846671942916,0.41225776208170495,-1.4517498358290044,0.8140387970707238,-0.36612252518790644,0.6028248737065188,1.1550008502007372
-1.9104999215363425,-1.0634918842605947,0.3290579496333655,-1.3694883994546532,0.702875739416634,-0.4354890266377696,0.5008179419349057,1.1174798027228943
0.7786030587949249,0.8799559924827715,0.3290579496333655,0.9475420584229083,-0.047474899748472715,0.5217686933703424,-0.21323058046638588,-0.9962058718622487
-0.07962129662994771,0.027828846526064793,-0.1285410188325015,0.4676836795725257,0.49444500631521543,0.8547279003296856,1.2440113019852297,0.7172552962925713
1.0503741046794677,1.403191959298293,0.703457105650893,1.3314287615032143,0.7723526504504401,0.8824745009096309,0.7776938996007127,0.04187644169140137
0.42100957736789457,0.17732483704478527,-0.17014092505667122,0.4402632007810753,-0.21421948622960754,0.41078229105056124,0.07821779602393722,-0.2707989539572884
1.0503741046794677,0.9098551905865155,0.06559187688029056,1.0160932554015343,-0.6310809524324446,0.535641993660315,-0.7961273334470321,-1.8341759322007374
-0.780504520226927,0.027828846526064793,0.7311903764670061,-0.0807258962564829,1.2864817921006058,0.4246555913405339,1.287728558458778,1.3801271350677937
-0.8091119987410893,-1.497030256764884,-0.9189392370917263,-0.6291354720854915,-0.5060225125715935,0.45240219192047915,0.4571006854613573,0.2544957107325104
-0.36569608177157187,0.5062160161859703,0.9530565429959114,-0.12185661444365854,1.2309002632735608,-0.18576962141826214,0.7485490619516804,1.0549447235931564
1.336448889821092,0.46136721903035416,-2.069869975960422,1.5507925918348178,-2.49306216813845,1.4790264133784543,0.4862455231103896,-2.4470197076721694
0.5497432306816254,1.4928895536095255,1.3413223344214955,0.8789908614442822,1.7311340227169654,0.4801487925004244,1.3751630714058751,1.342606087589951
-1.1524017409110383,0.027828846526064793,1.2165226157489863,-2.3292051571554184,1.0780510589991874,-3.1546558834724063,-1.3644516676031622,1.004916660289366
-0.9092381735406578,-1.0186430871049785,0.12105841851251686,-1.7945058207221347,-0.4087548371242648,-1.684086052735307,-1.4810310181992914,0.016862410039506184
0.6069581877099504,1.059351181105236,1.355188969829552,-0.6017149932940411,0.9807833835518587,-2.766203475353173,-2.297086472372196,0.3045237740363008
0.7642993195378436,1.2835951668833168,0.9253232721797983,0.8927011008400074,1.0363649123789036,0.45240219192047915,0.6611145490045834,0.4796219955995671
0.4639207951391382,-0.15156634209639977,-0.9744057787239526,0.5225246371554266,-1.3953269738043126,0.5495152939502876,-0.35895476871154747,-1.3589093308147289
-1.1380980016539572,-0.07681834683703954,1.0223897200361942,-1.424329357037554,1.119737205619471,-1.4066200469358543,-0.15494090516832126,1.092465771070999
1.0503741046794677,1.2835951668833168,0.7450570118750628,1.2080366069416872,0.522235770728738,0.7576147982998772,0.427955847812325,-0.2582919381313408
-0.2226586892007598,-1.8857198321135573,-1.9450702572879128,-0.5880047538983159,-2.2290499062099864,0.10556968467116323,-0.868989427569613,-0.958684824384406
-0.2512661677149222,-1.9156190302173013,-1.9450702572879128,-0.5880047538983159,-2.201259141796464,0.14718958554108116,-0.8106997522715482,-0.9211637769065633
1.4937900216489852,1.3882423602464211,0.13492505392057344,1.5370823524390924,-0.8673024499473856,0.9657143026494668,-0.18408574281735357,-2.0342881854158987
0.23506096702583887,-0.8242982994306419,-1.7232040907590076,0.549945115946877,-1.0896285652555653,1.0212075038093573,0.7339766431271643,-0.283305969783236
-1.1380980016539572,-0.39075992692635253,0.5370574807542141,-1.5614317509948061,0.7167711216233952,-1.5592263501255532,-0.5046789569567091,0.8923535178558376
0.16354227074043284,0.012879247474192746,0.06559187688029056,0.0015355401178683943,0.00810662907857222,0.036203183221300055,-0.052933973396708175,0.004355394213558593
1.1791077579931986,1.1041999782608523,0.4954575745300444,1.180616128150237,0.13316506893942334,0.7576147982998772,-0.21323058046638588,-0.8336146661249301
0.4353133166249758,0.3716696247191219,0.5509241161622707,-0.39606140235816284,-0.5199178947783547,-1.3095069449060457,-2.340803728845745,-1.1462900617736198
0.9073367121086557,1.2536959687795728,0.9669231784039679,0.74188846748703,0.647294210589589,-0.1718963211282895,-0.43181686283412823,-0.20826387482755046
0.13493479222627042,-1.2279374738311872,-1.2794717577011971,-0.5194535569196898,-2.1595729951761804,-0.2551361228681253,-1.6850448817425177,-1.5590215840298904
0.22075722776875767,-1.511979855816756,-2.582935486058515,0.31687104621954837,-1.9094561154544782,0.9379677020695214,0.427955847812325,-0.5209392704762402
-0.12253251440119134,-0.6299535117563053,-0.17014092505667122,-0.656555950876942,-0.658871716845967,-0.5326021286675781,-0.8398445899205805,-0.3333340330870264
-0.8234157379981706,-1.810971836854197,-1.0160056849481223,-1.2735167236845766,-1.2841639161502225,-0.4632356272177149,-0.9418515216921937,-0.37085508056486916
-0.6946820846844397,0.04277844557793684,0.5786573869783839,-0.7662378660427437,0.8140387970707238,-0.7684482335971129,0.10736263367296954,0.7922973912482569
0.6927806232524376,-0.10671754494078363,-1.0576055911722921,0.9475420584229083,-0.4643363659513098,1.104447305549193,1.0254250196174874,0.016862410039506184
-3.5125187183294377,-1.7063246434910928,0.7311903764670061,-2.6856713814442736,1.1058418234127099,-1.0181676388166203,0.5445351984084542,1.5051972933272697
1.1934114972502798,0.41651842187473803,-1.2794717577011971,1.1394854099630614,-2.395794492691121,0.9657143026494668,-0.694120401675419,-2.9723143723619683
1.4937900216489852,1.4480407564539093,0.3845244912655918,1.5919233100219934,-0.950674743187953,0.9240944017795488,-0.9418515216921937,-3.0973845306214445
0.6212619269670315,-0.017019950629551348,-1.0437389557642354,0.9064113402357326,-0.49212713036483224,1.0073342035193846,0.996280181968455,0.016862410039506184
0.5783507091957879,1.074300780157108,1.355188969829552,-0.6154252326897663,0.9946787657586199,-2.780076775643145,-2.28251405354768,0.3045237740363008
-0.49442973508530275,-0.6897519079637935,-0.47520690403391586,0.04266625830504404,0.18874659776646827,0.7437414980099045,1.1274319513891005,0.7672833595963617
0.7356918410236812,-1.0036934880531065,-3.1653341731968916,1.0435137341929848,-2.326317581657315,1.451279812798509,0.8942732501968419,-0.7835866028211397
-1.1524017409110383,-1.452181459609268,-0.11467438342444491,-2.068710608636639,-0.7005578634662507,-1.7118326533152521,-1.7870518135141307,-0.10820774821996973
0.9216404513657369,0.9547039877421317,0.8421234597314587,0.13863793407512054,-0.21421948622960754,-1.378873446355909,-2.7342590371076807,-1.3714163466406766
0.9788554083940617,1.2088471716239566,0.3429245850414221,1.4685311554604665,0.9807833835518587,1.3957866116386184,1.6083217725981336,0.6797342488147285
-0.3943035602857343,0.13247603988916912,0.6479905640186667,-0.4920330781282394,0.7167711216233952,-0.5603487292475233,0.04907295837490491,0.6797342488147285
-0.7375933024556833,0.012879247474192746,0.4954575745300444,-0.025884938673582037,1.0502602945856647,0.45240219192047915,1.2294388831607135,1.092465771070999
0.8215142765661685,1.1639983744683404,0.3706578558575352,1.37255947969039,1.0363649123789036,1.3125468098987827,1.652039029071682,0.8298184387260997
0.9788554083940617,0.3268208275635057,-1.0021390495400657,1.1120649311716109,-1.2146870051164165,1.0628274046792752,0.26765924074264724,-1.2463461883812006
1.2506264542786047,0.9995527848977479,-0.2533407375050107,1.2628775645245882,-1.4648038848381186,0.8547279003296856,-0.7232652393244513,-2.884765261580335
-2.2108784459350477,-1.3475342662461636,0.41225776208170495,-1.4380395964332793,0.8140387970707238,-0.36612252518790644,0.6028248737065188,1.1424938343747895
0.7213881017666,-0.10671754494078363,-1.0160056849481223,1.0023830160058091,-0.4365456015377873,1.2709269090288648,1.1274319513891005,0.06689047334329655
1.0360703654223866,0.9248047896383876,0.30132467881725233,0.9064113402357326,-0.7422440100865345,0.32754248931072544,-0.8252721710960644,-1.7966548847228947
0.02050487816962075,-1.5717782520242443,-2.6522686630987984,0.28945056742809794,-1.9650376442815232,0.9518410023594941,0.4862455231103896,-0.4709112071724499
0.649869405481194,0.012879247474192746,-1.0160056849481223,0.9201215796314578,-0.5060225125715935,0.993460903229412,0.9525629254949066,-0.02065863743833659
-0.32278486400032824,0.4763168180822262,0.7866569180992324,-0.12185661444365854,1.175318734446516,-0.18576962141826214,0.704831805478132,1.0424377077672087
0.7213881017666,-0.10671754494078363,-1.0298723203561788,1.0023830160058091,-0.4365456015377873,1.2709269090288648,1.1420043702136167,0.06689047334329655
0.49252827365330065,0.9248047896383876,0.4261243974897615,1.0846444523801604,1.0919464412059485,1.1738138069990562,1.652039029071682,0.942381581159628
-1.5529064401093122,-0.854197497534386,0.7173237410589496,-2.2606539601767923,0.4388634774881705,-2.1141583617244586,-1.1312929664109037,0.7547763437704141
-0.46582225657114035,-0.6897519079637935,-0.48907353944197246,-0.012174699277856822,0.09147892231913964,0.535641993660315,0.8797008313723258,0.5546640905552527
1.1934114972502798,1.343393563090805,0.6618571994267233,1.3588492402946648,0.5639219173490216,0.8686012006196583,0.427955847812325,-0.2958129856091836
-1.2954391334818505,-0.6150039127044332,0.31519131422530894,-0.5468740357111402,0.8418295614842463,0.17493618612102643,0.8651284125478096,0.9924096444634184
-2.797331755475377,-1.9754174264247895,0.20425823096085632,-2.2469437207810667,0.5778172995557829,-0.7129550324372224,0.3696661725142603,1.280071008460213
1.2506264542786047,0.8949055915346436,0.06559187688029056,0.9064113402357326,-1.2980592983569839,0.23042938728091697,-1.5684655311463884,-2.472033739324065
-0.8806306950264954,0.057728044629808885,0.9391899075878548,-0.6839764296683923,1.1336325878262323,-0.6297152306973866,0.4571006854613573,1.1800148818526321
-3.5125187183294377,-1.7063246434910928,0.7311903764670061,-2.6856713814442736,1.1058418234127099,-1.0181676388166203,0.529962779583938,1.492690277501322
-0.0653175573728665,0.35672002566724986,1.0917228970764772,-1.4517498358290044,0.6056080639693053,-2.9604296794127896,-2.340803728845745,0.267002726558458
1.0217666261653053,1.1490487754164684,0.25972477259308263,1.4274004372732907,0.5778172995557829,1.2570536087388922,1.2148664643361973,0.1544395841249297
0.17784600999751404,0.8052079972234113,1.0085230846281377,-0.6017149932940411,0.8557249436910075,-1.947678758244787,-1.0147136158147745,0.4796219955995671
-0.8234157379981706,-1.4073326624536517,-0.9189392370917263,-0.6428457114812167,-0.5199178947783547,0.4662754922104518,0.47167310428587345,0.34204482151414356
0.5211357521674631,-0.6000543136525612,-1.5429378304542722,0.33058128561527356,-2.2151545240032253,0.45240219192047915,-0.7524100769734836,-1.8591899638526326
0.6927806232524376,0.745409601015923,0.6479905640186667,0.0015355401178683943,0.04979277569885592,-0.9349278370767845,-1.437313761725743,-0.6460094287357162
0.993159147651143,-0.13661674304452773,-2.0005367989201392,1.0160932554015343,-2.6598067546195847,1.0628274046792752,-0.3006650934134828,-2.409498660194327
-0.4086072995428155,-1.1531894785718269,-0.6832064351547645,-1.0815733721444236,-1.311954680563745,-0.8239414347570034,-1.5247482746728398,-0.7085445078654542
0.7642993195378436,-0.13661674304452773,-1.0714722265803487,0.6047860735297779,-1.4648038848381186,0.5633885942402602,-0.2715202557644505,-1.1838111092514627
-1.338350351253094,-0.6000543136525612,0.35679122044947864,-0.5880047538983159,0.8974110903112913,0.1333162852511085,0.8797008313723258,1.0299306919412612
0.6641731447382752,-0.06186874778516749,-0.7664062476031039,0.6184963129255031,-1.0757331830488042,0.6188817954001508,-0.22780299929090203,-1.0337269193400915
0.2779721847970825,-1.7212742425429648,-2.9018681004438167,0.4265529613853501,-2.256840670623509,1.2015604075790016,0.5008179419349057,-0.5959813654319258
-0.00810260034454167,0.6856112048084348,0.9530565429959114,-0.6839764296683923,0.8418295614842463,-1.8505656562149786,-1.0001411969902583,0.6171991696849906
0.5497432306816254,0.6856112048084348,0.8005235535072891,0.01524577951359361,-0.07526566416199519,-0.8239414347570034,-1.5247482746728398,-0.7710795869951921
-1.0379718268543887,-0.9887438890012344,-0.08694111260833176,-1.108993850935874,-0.047474899748472715,-0.49098222779766015,-0.1112236486947728,0.4421009481217243
0.13493479222627042,-1.2129878747793152,-1.293338393109254,-0.5057433175239646,-2.1734683773829415,-0.24126282257815268,-1.6704724629180014,-1.5590215840298904
-1.3526540905101754,-0.5851047146006891,0.606390657794497,-0.533163796315415,1.0502602945856647,0.17493618612102643,0.9525629254949066,1.217535929330475
0.3065796633112449,1.1789479735202124,1.258122521973156,0.23460960984519705,1.411540231961457,-0.3799958254778791,0.427955847812325,1.0674517394191039
0.5497432306816254,0.6856112048084348,0.8005235535072891,0.0015355401178683943,-0.07526566416199519,-0.8239414347570034,-1.5247482746728398,-0.7710795869951921
0.6212619269670315,1.1639983744683404,0.897590001363685,0.6596270311126787,0.9252018547248138,0.022329882931327417,0.29680407839167955,0.22948167908061526
0.5211357521674631,0.730460001964051,0.8282568243234022,-0.025884938673582037,-0.047474899748472715,-0.8516880353369487,-1.4810310181992914,-0.7460655553432969
0.9073367121086557,-0.7495503041712817,-2.84640155881159,1.1394854099630614,-1.9789330264882843,1.5206463142483722,0.9671353443194227,-0.7085445078654542
0.4353133166249758,-0.2562135354595041,-1.0576055911722921,0.4265529613853501,-1.492594649251641,0.4662754922104518,-0.3735271875360636,-1.3589093308147289
0.1206310529691892,0.012879247474192746,0.1626583247366866,-0.025884938673582037,-0.005788753128189014,-0.019290017938590493,-0.03836155457219202,0.029369425865453776
-0.3513923425144907,-0.6150039127044332,-0.5029401748500291,0.04266625830504404,0.04979277569885592,0.7159948974299593,0.9379905066703904,0.4671149797736195
0.14923853148335162,-1.5418790539205003,-2.666135298506855,0.3854222431981744,-1.9650376442815232,1.104447305549193,0.5882524548820027,-0.42088314386865955
0.6927806232524376,0.6258128086009467,0.13492505392057344,0.6184963129255031,-0.21421948622960754,0.25817598786086227,-0.21323058046638588,-0.6710234603876114
1.1505002794790362,0.6557120067046908,-0.2394741020969541,0.8241499038613813,-1.6871300001462983,0.25817598786086227,-1.816196651163163,-2.85975122992844
-2.1822709674208856,-1.3624838652980356,0.39839112667364834,-1.424329357037554,0.8001434148639626,-0.3383759246079611,0.5736800360574865,1.129986818548842
1.0360703654223866,0.700560803860307,-0.5306734456661422,1.2628775645245882,-0.5060225125715935,1.1738138069990562,0.719404224302648,-0.7210515236914018
-0.8949344342835766,-0.09176794588891159,0.8282568243234022,-0.6839764296683923,1.119737205619471,-0.574222029537496,0.32594891604071186,1.1925218976785799
0.9216404513657369,-0.06186874778516749,-0.9882724141320092,0.8515703826528317,-1.3675362093907901,0.8824745009096309,-0.3006650934134828,-1.3088812675109385
-1.2668316549676881,-0.6150039127044332,0.4261243974897615,-0.46461259933678895,0.9252018547248138,0.21655608699094434,0.9088456690213581,1.0674517394191039
-1.4384765260526626,-0.9438950918456183,0.4815909391219878,-2.2195232419896165,0.24432812659351322,-2.1280316620144313,-1.2332998981825167,0.5921851380330955
-2.9403691480461895,-1.2727862709868034,0.8421234597314587,-2.959876169358778,0.9807833835518587,-1.9754253588247324,-0.16951332399283742,1.2425499609823702
-1.0808830446256323,-0.3758103278744805,0.5370574807542141,-1.5888522297862566,0.5917126817625441,-1.5453530498355805,-0.5338237946057414,0.6171991696849906
0.42100957736789457,0.17732483704478527,-0.15627428964861464,0.4402632007810753,-0.21421948622960754,0.3969089907605886,0.07821779602393722,-0.2582919381313408
0.09202357445502679,0.9248047896383876,1.4799886885020612,-0.7113969084598428,1.175318734446516,-1.8644389565049513,-1.1750102228844521,0.8548324703779948
0.13493479222627042,0.8650063934308995,0.7173237410589496,0.8515703826528317,1.355958703134412,0.9795876029394394,1.652039029071682,1.1550008502007372
-0.8806306950264954,-1.497030256764884,-0.8634726954595,-0.4371921205453385,-0.24201025064313,0.6050084951101782,0.8797008313723258,0.6797342488147285
0.8501217550803308,0.5062160161859703,-0.43360699780974615,1.1669058887545116,0.1609558333529458,1.2293070081589468,1.2294388831607135,0.2795097423844056
0.5211357521674631,0.5660144123934585,0.5231908453461576,-0.025884938673582037,-0.1169518107822789,-0.6019686301174413,-1.14586538523542,-0.5709673337800306
-0.3943035602857343,-0.555205516496945,-0.5722733518903119,0.05637649770076925,-0.01968413533495025,0.7714880985898498,0.9671353443194227,0.4796219955995671
0.14923853148335162,0.7603592000677951,1.3135890636053824,-1.1501245691230497,0.9113064725180525,-2.710710274193282,-1.8453414888121953,0.4546079639476719
-0.4515185173140591,-0.6150039127044332,-0.5584067164822554,0.05637649770076925,0.03589739349209469,0.688248296850014,0.9817077631439389,0.6922412646406761
-0.6660746061702773,-0.046919148733295446,0.6618571994267233,-0.7388173872512932,0.8974110903112913,-0.7129550324372224,0.23851440309361494,0.8673394862039424
0.7499955802807624,-0.7644999032231538,-1.8202705386154037,0.8652806220485569,-1.2841639161502225,1.2431803084489195,0.8214111560742612,-0.345841048912974
1.0503741046794677,0.9098551905865155,0.3290579496333655,0.8927011008400074,-0.7144532456730119,0.3136691890207528,-0.8544170087450967,-1.784147868896947
0.17784600999751404,-0.9588446908974904,-1.0576055911722921,-0.39606140235816284,-1.8260838222139109,-0.26900942315809795,-1.3935965052521946,-1.3213882833368862
-1.4241727867955813,-0.8392478984825139,0.6618571994267233,-2.2332334813853416,0.36938656645436435,-2.141904962304404,-1.160437804059936,0.6297061855109382
0.02050487816962075,0.10257684178542503,-0.22560746668889753,0.5910758341340526,0.3971773308678868,0.9240944017795488,1.2731561396342619,0.6547202171628334
0.6069581877099504,1.1639983744683404,0.897590001363685,0.6596270311126787,0.9252018547248138,0.00845658264135478,0.2822316595671634,0.24198869490656286
-0.6517708669131961,0.29692162945976164,0.9946564492200811,-0.6702661902726672,1.2170048810667997,-0.7823215338870855,0.26765924074264724,1.0549447235931564
0.7070843625095188,1.1938975725720844,1.0223897200361942,0.6184963129255031,0.8974110903112913,-0.019290017938590493,0.29680407839167955,0.2920167582103532
-0.051013818115785294,-0.046919148733295446,0.03785860606417741,-0.012174699277856822,-0.047474899748472715,0.05007648351127269,-0.08207881104574048,0.05438345751734896
0.6212619269670315,0.6706616057565629,-0.03147457097610547,1.0983546917758855,0.6056080639693053,1.187687107289029,1.3897354902303913,0.5171430430774099
0.6784768839953563,0.19227443609665731,-0.43360699780974615,0.8378601432571066,-0.4643363659513098,0.8824745009096309,0.19479714662006647,-0.558460317954083
0.17784600999751404,0.8500567943790274,1.1887893449328732,-0.5468740357111402,0.9946787657586199,-1.6147195512854438,-0.9855687781657422,0.5171430430774099
0.5783507091957879,0.6258128086009467,0.5647907515703273,0.01524577951359361,-0.06137028195523395,-0.6158419304074139,-1.14586538523542,-0.5709673337800306
0.4782245343962194,0.8799559924827715,0.6479905640186667,0.7555987068827552,0.8974110903112913,0.5772618945302329,0.8942732501968419,0.6171991696849906
0.8501217550803308,1.6124863460245018,1.2442558865650994,1.180616128150237,1.5227032896155468,0.6327550956901234,1.185721626687165,0.8423254545520472
1.4937900216489852,1.4330911574020373,0.39839112667364834,1.564502831230543,-0.950674743187953,0.9102211014895761,-0.9564239405167099,-3.072370498969549
0.16354227074043284,0.9995527848977479,1.327455699013439,-0.17669757202655942,1.300377174307367,-0.990421038236675,-0.21323058046638588,0.942381581159628
-0.3799998210286531,-0.5402559174450731,-0.5861399872983685,0.07008673709649448,-0.033579517541711484,0.7853613988798225,0.9671353443194227,0.4671149797736195
0.14923853148335162,0.9098551905865155,0.9669231784039679,0.4265529613853501,1.3142725565141282,0.21655608699094434,0.9379905066703904,1.0299306919412612
0.5640469699387067,0.6108632095490747,0.5509241161622707,0.0015355401178683943,-0.08916104636875642,-0.6158419304074139,-1.14586538523542,-0.5709673337800306
0.8501217550803308,0.23712323325227347,-0.4613402686258593,0.8927011008400074,-0.49212713036483224,0.8269812997497403,0.22394198426909878,-0.5209392704762402
0.993159147651143,0.3268208275635057,-1.0021390495400657,1.1120649311716109,-1.2146870051164165,1.0767007049692479,0.2822316595671634,-1.2463461883812006
-2.454042013305428,-1.8707702330616853,0.25972477259308263,-2.7268020996314495,0.2026419799732295,-1.6702127524453343,-0.6795479828509029,0.8548324703779948
0.49252827365330065,-0.13661674304452773,-0.9882724141320092,0.5362348765511518,-1.4092223560110737,0.5772618945302329,-0.3443823498870313,-1.3589093308147289
-0.0653175573728665,0.730460001964051,1.230389251157043,-0.7113969084598428,1.0919464412059485,-1.9199321576648418,-1.160437804059936,0.7547763437704141
0.6355656662241127,0.7753087991196672,0.2874580434091958,1.0160932554015343,0.7306665038301564,0.7853613988798225,0.9817077631439389,0.4921290114255147
-1.3240466119960128,-2.334207803669719,-1.321071663925367,-1.1364143297273244,-1.006256272014998,0.07782308409121796,0.06364537719942107,0.35455183734009116
0.6069581877099504,0.4314680209266101,-0.5861399872983685,1.05722397358871,0.1192696867326621,1.1738138069990562,1.3314458149323267,0.36705885316603876
-1.3240466119960128,-0.5851047146006891,0.4815909391219878,-0.5194535569196898,0.9807833835518587,0.1610628858310538,0.9234180878458742,1.1174798027228943
1.3650563683352543,1.044401582053364,0.2181248663689129,1.1531956493587865,-0.7422440100865345,0.5495152939502876,-0.9272791028676776,-1.7341198055931568
-0.9378456520548202,-0.40570952597822457,0.8282568243234022,-2.2058130025938913,0.34159580204084183,-2.821696676513063,-1.9764932582328407,0.41708691646982915
-0.8663269557694142,-1.6016774501279885,-0.8773393308675566,-0.656555950876942,-0.4087548371242648,0.23042938728091697,0.38423859133877647,0.34204482151414356
0.2922759240541637,0.6407624076528188,0.6618571994267233,-0.09443613565220811,-0.033579517541711484,-0.879434635916894,-1.3644516676031622,-0.7335585395173494
0.7499955802807624,-0.9887438890012344,-3.179200808604948,1.05722397358871,-2.326317581657315,1.4790264133784543,0.9088456690213581,-0.7710795869951921
0.2922759240541637,0.3716696247191219,0.2874580434091958,0.16605841286657097,0.17485121555970703,-0.07478321909848104,-0.28609267458896664,-0.13322177987186493
0.49252827365330065,0.20722403514852936,-0.48907353944197246,0.7007577492998543,-0.478231748158071,0.7298681977199319,0.23851440309361494,-0.5709673337800306
1.1648040187361175,1.1041999782608523,0.4954575745300444,1.180616128150237,0.13316506893942334,0.7576147982998772,-0.21323058046638588,-0.8336146661249301
1.0360703654223866,0.9248047896383876,0.31519131422530894,0.9064113402357326,-0.7283486278797732,0.32754248931072544,-0.8252721710960644,-1.7966548847228947
0.4067058381108134,-0.12166714399265569,-1.0576055911722921,0.7555987068827552,-0.45044098374454855,0.9518410023594941,0.996280181968455,0.07939748916924415
0.4639207951391382,-1.0186430871049785,-1.8341371740234602,0.6047860735297779,-1.1591054762893716,1.0212075038093573,0.719404224302648,-0.22077089065349806
0.7786030587949249,0.29692162945976164,-0.48907353944197246,0.933831819027183,-0.5060225125715935,0.9657143026494668,0.29680407839167955,-0.6084883812578734
-0.7662007809698457,-0.0319695496814234,0.7450570118750628,-0.7113969084598428,1.0224695301721423,-0.6852084318572771,0.16565230897103417,1.0799587552450516
0.8072105373090872,0.8949055915346436,0.3290579496333655,0.9749625372143587,-0.06137028195523395,0.5633885942402602,-0.16951332399283742,-0.9962058718622487
-0.23696242845784102,-1.0634918842605947,-0.405873726993633,-1.1227040903315992,-1.131314711875849,-0.9349278370767845,-1.5976103687954206,-0.7085445078654542
0.7786030587949249,0.9696535867940038,0.7173237410589496,0.48139391896825096,0.3971773308678868,-0.26900942315809795,-0.49010653813219285,-0.24578492230539326
0.5926544484528691,0.8052079972234113,0.606390657794497,0.358001764406724,0.2860142732137969,-0.1718963211282895,-0.4172444440096121,-0.20826387482755046
-1.6530326149088808,-1.1382398795199549,0.5231908453461576,-2.575989466278472,0.18874659776646827,-2.3500044666539934,-1.539320693497356,0.5421570747293051
0.8644254943374121,0.2819720304078896,-0.4613402686258593,0.9612522978186334,-0.49212713036483224,0.9379677020695214,0.2822316595671634,-0.5834743496059782
-2.225182185192129,-2.6780485818627757,-0.7802728830111605,-2.0275798904494633,-0.478231748158071,-0.4354890266377696,-0.052933973396708175,0.7422693279444665
-0.8520232165123329,-1.5418790539205003,-0.8912059662756131,-0.656555950876942,-0.45044098374454855,0.383035690470616,0.3988110101632927,0.3170307898622484
1.3078414113069294,1.2536959687795728,0.4815909391219878,1.2902980433160387,-0.005788753128189014,0.7437414980099045,-0.1112236486947728,-0.9461778085584585
-0.8377194772552518,-1.5867278510761162,-0.9189392370917263,-0.6291354720854915,-0.4365456015377873,0.2720492881508349,0.3988110101632927,0.32953780568819596
0.5354394914245443,0.9995527848977479,0.9669231784039679,0.2620300886366475,0.49444500631521543,-0.421615726347797,-0.43181686283412823,-0.13322177987186493
-0.8663269557694142,-0.39075992692635253,0.5925240223864404,-1.2598064842888514,0.5083403885219767,-1.1707739420063195,-0.5338237946057414,0.6297061855109382
0.9359441906228181,0.8500567943790274,0.051725241472233986,0.933831819027183,-0.7005578634662507,0.4662754922104518,-0.7378376581489675,-1.909218027156423
0.20645348851167647,1.01450238394962,0.9946564492200811,0.7007577492998543,1.5227032896155468,0.5633885942402602,1.462597584352972,1.2050289135045273
1.407967586106498,1.2536959687795728,0.09332514769640371,1.6193437888134439,-0.5893948058121609,1.2709269090288648,-0.1112236486947728,-2.0467952012418467
0.6212619269670315,0.700560803860307,0.5647907515703273,0.01524577951359361,0.022002011285333457,-0.9071812364968392,-1.4664585993747752,-0.683530476213559
1.007462886908224,-0.12166714399265569,-2.0282700697362523,1.0298034947972596,-2.6737021368263463,1.0905740052592205,-0.28609267458896664,-2.4220056760202744
0.3924020988537322,0.5062160161859703,0.3845244912655918,0.4265529613853501,0.5083403885219767,0.34141578960069807,0.4862455231103896,0.3045237740363008
0.4067058381108134,1.1490487754164684,1.063989626260364,0.23460960984519705,1.2309002632735608,-0.36612252518790644,0.5153903607594219,0.8923535178558376
0.2779721847970825,-1.7362238415948368,-2.9018681004438167,0.4265529613853501,-2.242945288416748,1.2015604075790016,0.5008179419349057,-0.5959813654319258
-0.780504520226927,0.027828846526064793,0.8837233659556285,-0.6839764296683923,1.1058418234127099,-0.6435885309873591,0.26765924074264724,1.129986818548842
-0.9092381735406578,-1.511979855816756,-0.8773393308675566,-0.38235116296243765,-0.17253333960932382,0.7021215971399867,0.996280181968455,0.7672833595963617
-0.8091119987410893,-0.017019950629551348,0.8559900951395154,-0.6839764296683923,1.1058418234127099,-0.6158419304074139,0.29680407839167955,1.1550008502007372
1.5080937609060665,1.4928895536095255,0.3706578558575352,1.6056335494177185,-0.950674743187953,0.9518410023594941,-0.9272791028676776,-3.109891546447392
0.4639207951391382,0.9098551905865155,0.4399910328978181,1.0709342129844353,1.0919464412059485,1.1738138069990562,1.6374666102471658,0.9548885969855756
-1.1667054801681196,-0.017019950629551348,1.063989626260364,-1.424329357037554,1.175318734446516,-1.4204933472258268,-0.1112236486947728,1.129986818548842
1.2506264542786047,1.5078391526613975,1.2026559803409298,0.7555987068827552,0.5083403885219767,-1.1014074405564562,-2.3553761476702606,-1.1087690142957771
0.5783507091957879,1.074300780157108,1.3690556052376086,-0.6154252326897663,0.9946787657586199,-2.780076775643145,-2.267941634723164,0.3045237740363008
0.8072105373090872,0.35672002566724986,-0.5445400810741987,0.9201215796314578,-0.5754994236053996,0.7853613988798225,0.340521334865228,-0.5834743496059782
0.37809835959665095,-0.10671754494078363,-1.1130721328045183,0.8241499038613813,-0.4365456015377873,1.0767007049692479,1.1711492078626489,0.21697466325466766
0.42100957736789457,-0.7196511060675376,-1.8341371740234602,0.673337270508404,-1.2980592983569839,1.2848002093188373,0.9088456690213581,-0.1832498431756553
-0.723289563198602,0.23712323325227347,1.0778562616684206,-0.7388173872512932,1.1614233522397548,-0.7684482335971129,0.26765924074264724,1.092465771070999
-0.30848112474324707,0.730460001964051,1.4522554176859481,-1.6574034267648827,1.2725864098938446,-3.390501988401941,-1.5538931123218722,0.9548885969855756
0.4639207951391382,-1.0186430871049785,-1.8202705386154037,0.6047860735297779,-1.1591054762893716,1.0212075038093573,0.719404224302648,-0.22077089065349806
0.17784600999751404,0.7753087991196672,1.0362563554442508,-0.7251071478555681,0.8418295614842463,-1.9754253588247324,-1.0147136158147745,0.4671149797736195
0.8644254943374121,0.38661922377099395,0.07945851228834713,0.1934788916580214,-1.311954680563745,-0.574222029537496,-2.4282382417928416,-2.2344004386310603
1.350752629078173,1.0294519830014919,0.24585813718502603,1.125775170567336,-0.7283486278797732,0.535641993660315,-0.9418515216921937,-1.7341198055931568
0.649869405481194,-0.06186874778516749,-1.0021390495400657,0.9749625372143587,-0.4643363659513098,1.2848002093188373,1.1565767890381327,0.05438345751734896
0.42100957736789457,1.1639983744683404,1.0917228970764772,0.2620300886366475,1.2447956454803222,-0.3799958254778791,0.5153903607594219,0.8923535178558376
1.1791077579931986,1.1789479735202124,0.509324209938101,1.1531956493587865,-0.07526566416199519,0.5772618945302329,-0.1112236486947728,-0.9211637769065633
0.7499955802807624,0.26702243135601755,-0.47520690403391586,0.9064113402357326,-0.5060225125715935,0.9518410023594941,0.26765924074264724,-0.5959813654319258
-0.29417738548616584,-1.108340681416211,-0.600006622706425,-1.0952836115401487,-1.2702685339434614,-0.8516880353369487,-1.5976103687954206,-0.8211076502989825
1.0217666261653053,0.9098551905865155,0.31519131422530894,0.9064113402357326,-0.7283486278797732,0.3136691890207528,-0.8398445899205805,-1.7966548847228947
0.8358180158232497,-0.21136473830388797,-1.0021390495400657,0.6184963129255031,-1.3675362093907901,0.646628395980096,-0.4026720251850959,-1.1212760301217246
-2.3253083599916975,-1.2428870728830592,0.2874580434091958,-1.6025624691819818,0.7306665038301564,-0.49098222779766015,0.5591076172329703,1.0174236761153135
0.13493479222627042,0.9248047896383876,0.8837233659556285,0.8515703826528317,1.5088079074087857,0.9795876029394394,1.6957562855452306,1.3676201192418462
0.6641731447382752,-0.06186874778516749,-0.960539143315896,0.6047860735297779,-1.3397454449772677,0.7576147982998772,-0.31523751223799895,-1.296374251684991
0.792906798052006,-0.9289454927937463,-3.248533985645231,1.0709342129844353,-2.3402129638640763,1.5067730139583995,0.9379905066703904,-0.7835866028211397
0.8358180158232497,0.49126641713409824,-0.4474736332178027,1.1669058887545116,0.1609558333529458,1.2431803084489195,1.2440113019852297,0.2920167582103532
0.3637946203395698,-1.3774334643499078,-2.4581357673860063,0.2620300886366475,-2.5903298435857787,0.7576147982998772,-0.3735271875360636,-1.421444409944467
0.13493479222627042,0.8799559924827715,0.7173237410589496,0.8515703826528317,1.3698540853411731,0.9657143026494668,1.652039029071682,1.1550008502007372
-0.4515185173140591,-1.1232902804680829,-0.4613402686258593,-1.2049655267059505,-1.186896240702894,-0.990421038236675,-1.5684655311463884,-0.6585164445616638
0.49252827365330065,0.6407624076528188,0.5231908453461576,0.01524577951359361,-0.01968413533495025,-0.8655613356269214,-1.4664585993747752,-0.7085445078654542
0.049112356683783165,0.401568822822866,0.31519131422530894,0.6596270311126787,0.9668880013450974,0.9518410023594941,1.4771700031774881,1.004916660289366
0.6355656662241127,0.7753087991196672,0.24585813718502603,0.5636553553426022,-0.10305642857551765,0.2443026875708896,-0.25694783693993434,-0.5959813654319258
-0.15113999291535377,-0.4954071202894569,-0.2949406437291804,-0.5468740357111402,-0.6310809524324446,-0.40774242605782435,-0.9418515216921937,-0.35834806473892156
-1.2525279157106068,-0.43560872408196866,0.3706578558575352,-0.6291354720854915,0.8557249436910075,-0.047036618518535765,0.7922663184252289,1.0674517394191039
0.13493479222627042,0.5062160161859703,0.39839112667364834,0.6047860735297779,0.8974110903112913,0.7714880985898498,1.185721626687165,0.8673394862039424
0.7642993195378436,1.2686455678314448,0.9114566367717416,0.8789908614442822,1.0224695301721423,0.45240219192047915,0.6756869678290996,0.4796219955995671
0.5211357521674631,0.745409601015923,0.8421234597314587,-0.025884938673582037,-0.047474899748472715,-0.8655613356269214,-1.4810310181992914,-0.7460655553432969
0.9502479298798994,1.2387463697277006,0.6618571994267233,1.180616128150237,0.49444500631521543,0.7298681977199319,0.44252826663684114,-0.345841048912974
0.7213881017666,0.6108632095490747,0.07945851228834713,0.933831819027183,0.230432744386752,0.7714880985898498,0.6465421301800673,-0.03316565326428418
0.4782245343962194,0.8799559924827715,0.6479905640186667,0.74188846748703,0.8974110903112913,0.5772618945302329,0.8797008313723258,0.6046921538590431
0.8501217550803308,0.9248047896383876,0.30132467881725233,1.0160932554015343,-0.07526566416199519,0.6050084951101782,-0.12579606751928896,-1.021219903514144
-0.3799998210286531,0.41651842187473803,0.7727902826911759,-0.12185661444365854,1.175318734446516,-0.15802302083831687,0.7485490619516804,1.0674517394191039
-0.6374671276561148,0.012879247474192746,0.703457105650893,-0.7388173872512932,0.8974110903112913,-0.7268283327271949,0.20936956544458263,0.8423254545520472
0.7213881017666,-0.8093487003787698,-1.8618704448395733,0.8652806220485569,-1.2702685339434614,1.29867350960881,0.8505559937232935,-0.3083200014351312
-1.9963223570788298,-1.2428870728830592,0.1626583247366866,-1.547721511599081,0.5917126817625441,-0.3245026243179885,0.47167310428587345,1.004916660289366
0.8501217550803308,1.6124863460245018,1.230389251157043,1.180616128150237,1.5088079074087857,0.6327550956901234,1.185721626687165,0.8423254545520472
0.2922759240541637,-0.27116313451137614,-0.600006622706425,0.0015355401178683943,-0.9784655076014754,0.06394978380124533,-0.7232652393244513,-0.7835866028211397
1.0217666261653053,1.6124863460245018,1.0501229908523073,1.4136901978775656,1.2725864098938446,0.9795876029394394,1.2002940455116813,0.4921290114255147
0.13493479222627042,0.9696535867940038,1.3135890636053824,-0.23153852960946025,1.2864817921006058,-0.990421038236675,-0.18408574281735357,0.9799026286374708
0.8072105373090872,0.9098551905865155,0.31519131422530894,0.9749625372143587,-0.06137028195523395,0.5633885942402602,-0.15494090516832126,-1.0087128876881963
0.6069581877099504,0.8949055915346436,0.5231908453461576,0.8789908614442822,0.7862480326572013,0.7298681977199319,0.9234180878458742,0.4921290114255147
-0.09392503588702893,0.11752644083729707,0.5786573869783839,-0.7525276266470184,0.31380503762731937,-1.1569006417163468,-1.0292860346392907,0.10441152082113933
-1.2096166979393632,-2.3192582046178467,-1.34880493474148,-1.1501245691230497,-1.0618378008420428,0.07782308409121796,-0.06750639222122433,0.12942555247303453
-0.2798736462290846,0.46136721903035416,0.7589236472831193,-0.10814637504793333,1.1336325878262323,-0.18576962141826214,0.7485490619516804,0.9924096444634184
0.5497432306816254,0.26702243135601755,-0.43360699780974615,0.7555987068827552,-0.45044098374454855,0.7576147982998772,0.340521334865228,-0.4834182229983975
0.449617055882057,-1.0186430871049785,-1.8480038094315168,0.6184963129255031,-1.1452100940826102,1.0489541043893025,0.7339766431271643,-0.20826387482755046
0.03480861742670196,-1.5717782520242443,-2.6522686630987984,0.3031608068238231,-1.9511422620747618,0.9657143026494668,0.5153903607594219,-0.4709112071724499
1.3078414113069294,0.8650063934308995,-0.059207841792218614,1.0023830160058091,-1.3536408271840288,0.4246555913405339,-1.4810310181992914,-2.54707583427975
-0.3943035602857343,0.38661922377099395,0.7589236472831193,-0.12185661444365854,1.175318734446516,-0.15802302083831687,0.7485490619516804,1.0674517394191039
-0.4515185173140591,-1.168139077623699,-0.5445400810741987,-1.108993850935874,-1.186896240702894,-0.8516880353369487,-1.5247482746728398,-0.620995397083821
0.2779721847970825,-1.766123039698581,-2.9018681004438167,0.4265529613853501,-2.256840670623509,1.2015604075790016,0.5008179419349057,-0.6084883812578734
0.19214974925459524,-0.9588446908974904,-1.0853388619884052,-0.38235116296243765,-1.8538745866274333,-0.2551361228681253,-1.3790240864276784,-1.3464023149887814
0.8930329728515745,0.730460001964051,0.01012533524806426,1.1120649311716109,0.21653736217999076,0.9657143026494668,0.6902593866536157,-0.07068670074212696
0.3065796633112449,0.9547039877421317,1.0362563554442508,-0.1629873326308342,1.0363649123789036,-1.0042943385266476,-0.15494090516832126,0.6547202171628334
0.07771983519794558,0.8799559924827715,0.7866569180992324,0.8104396644656561,1.425435614168218,0.9379677020695214,1.652039029071682,1.2050289135045273
0.37809835959665095,1.1191495773127242,1.0362563554442508,0.20718913105374662,1.2309002632735608,-0.35224922489793375,0.529962779583938,0.8923535178558376
0.6927806232524376,-0.10671754494078363,-1.0714722265803487,0.9475420584229083,-0.4643363659513098,1.1183206058391657,1.0399974384420034,0.029369425865453776
-2.8116354947324584,-1.9754174264247895,0.20425823096085632,-2.2469437207810667,0.5917126817625441,-0.7129550324372224,0.3696661725142603,1.280071008460213
-3.827200981985224,-1.8857198321135573,0.6757238348347798,-2.1509720450109904,1.3420633209276507,-0.10252981967842631,1.258583720809746,1.6677884990645884
0.2493647062829201,-0.36086072882260845,-0.48907353944197246,0.028956018909318825,-0.8395116855338631,0.14718958554108116,-0.5338237946057414,-0.620995397083821
0.2922759240541637,-0.2861127335632482,-0.600006622706425,0.0015355401178683943,-0.9784655076014754,0.06394978380124533,-0.7086928204999352,-0.7835866028211397
0.9216404513657369,1.2536959687795728,0.6341239286106102,1.3040082827117638,1.064155676792426,1.104447305549193,1.287728558458778,0.6046921538590431
-0.46582225657114035,-0.6748023089119214,-0.5029401748500291,0.0015355401178683943,0.06368815790561716,0.5495152939502876,0.8942732501968419,0.5296500589033575
0.13493479222627042,0.027828846526064793,0.1626583247366866,-0.025884938673582037,-0.005788753128189014,-0.019290017938590493,-0.03836155457219202,0.029369425865453776
1.0503741046794677,1.01450238394962,0.3845244912655918,1.1394854099630614,0.03589739349209469,0.7437414980099045,-0.18408574281735357,-0.8961497452546681
1.1791077579931986,1.1938975725720844,0.4954575745300444,1.1669058887545116,-0.07526566416199519,0.5911351948202055,-0.09665122987025665,-0.9336707927325109
1.350752629078173,1.2686455678314448,0.4954575745300444,1.180616128150237,-0.8673024499473856,0.3136691890207528,-1.7724793946896145,-2.7722021191468067
1.350752629078173,1.2536959687795728,0.4954575745300444,1.180616128150237,-0.8673024499473856,0.29979588873078017,-1.7724793946896145,-2.759695103320859
-0.09392503588702893,0.6108632095490747,1.285855792789269,-1.287226963080302,0.8696203258977688,-2.6829636736133367,-1.8890587452857437,0.5046360272514623
-3.3122663687303007,-2.543502190395927,-0.0037413001599923153,-1.986449172262288,0.6611895927963503,0.05007648351127269,0.9379905066703904,1.4176481825456364
1.1791077579931986,1.1639983744683404,0.509324209938101,1.1394854099630614,-0.07526566416199519,0.5772618945302329,-0.12579606751928896,-0.9211637769065633
1.0217666261653053,1.3882423602464211,0.703457105650893,1.3040082827117638,0.7723526504504401,0.8686012006196583,0.7776938996007127,0.06689047334329655
0.6212619269670315,0.8500567943790274,0.6479905640186667,0.3854222431981744,0.31380503762731937,-0.18576962141826214,-0.4172444440096121,-0.20826387482755046
-1.6244251363947182,-1.2428870728830592,0.46772430371393126,-2.5485689874870214,0.14706045114618457,-2.2806379652041304,-1.539320693497356,0.5421570747293051
-0.4086072995428155,-0.6598527098600494,-0.47520690403391586,-0.012174699277856822,0.07758354011237839,0.5633885942402602,0.8651284125478096,0.5046360272514623
-0.07962129662994771,0.07267764368168093,-0.14240765424055807,0.4265529613853501,0.4388634774881705,0.9102211014895761,1.2148664643361973,0.7297623121185189
-0.7948082594840081,0.012879247474192746,0.6479905640186667,0.01524577951359361,1.175318734446516,0.4662754922104518,1.258583720809746,1.1925218976785799
1.0360703654223866,0.7155104029121789,-0.5306734456661422,1.2765878039203133,-0.5060225125715935,1.187687107289029,0.719404224302648,-0.7210515236914018
0.3351871418254073,1.0892503792089803,1.285855792789269,-0.1629873326308342,1.175318734446516,-1.0042943385266476,-0.16951332399283742,0.8173114229001521
0.06341609594086438,0.5809640114453305,0.5925240223864404,0.4676836795725257,1.0085741479653811,0.5217686933703424,1.1565767890381327,0.87984650202989
0.8072105373090872,1.1490487754164684,0.35679122044947864,1.37255947969039,1.0363649123789036,1.3264201101887554,1.6666114478961982,0.8298184387260997
0.8644254943374121,0.26702243135601755,-0.47520690403391586,0.9201215796314578,-0.5060225125715935,0.840854600039713,0.2530868219181311,-0.5459533021281354
0.49252827365330065,-0.13661674304452773,-0.9882724141320092,0.5362348765511518,-1.4092223560110737,0.5772618945302329,-0.32980993106251516,-1.3714163466406766
1.1648040187361175,1.1639983744683404,0.509324209938101,1.1394854099630614,-0.07526566416199519,0.5633885942402602,-0.1403684863438051,-0.9211637769065633
0.7356918410236812,1.2088471716239566,0.6618571994267233,0.9749625372143587,0.7723526504504401,0.6327550956901234,0.7339766431271643,0.24198869490656286
0.5211357521674631,0.9846031858458758,0.46772430371393126,1.1531956493587865,1.119737205619471,1.187687107289029,1.6957562855452306,1.0424377077672087
0.5354394914245443,-0.7644999032231538,-1.778670632391234,0.7555987068827552,-1.2841639161502225,1.3402934104787279,0.8651284125478096,-0.2958129856091836
1.3078414113069294,1.2387463697277006,0.4954575745300444,1.2765878039203133,-0.005788753128189014,0.7437414980099045,-0.12579606751928896,-0.9461778085584585
-0.6660746061702773,0.11752644083729707,0.869856730547572,-0.6976866690641176,1.0085741479653811,-0.7129550324372224,0.26765924074264724,0.942381581159628
1.3221451505640107,0.4314680209266101,-2.069869975960422,1.5096618736476421,-2.5208529325519726,1.451279812798509,0.4571006854613573,-2.4470197076721694
-1.066579305368551,-0.3758103278744805,0.5370574807542141,-1.5888522297862566,0.5917126817625441,-1.5592263501255532,-0.5483962134302575,0.6046921538590431
0.3065796633112449,0.9397543886902597,1.0362563554442508,-0.17669757202655942,1.0363649123789036,-1.0042943385266476,-0.15494090516832126,0.667227232988781
0.9788554083940617,-0.1665159411482718,-1.972803528104026,1.0023830160058091,-2.6598067546195847,1.0628274046792752,-0.32980993106251516,-2.396991644368379
0.00620113891253954,0.10257684178542503,-0.2394741020969541,0.5910758341340526,0.35549118424760306,0.9102211014895761,1.258583720809746,0.7172552962925713
0.4067058381108134,0.17732483704478527,-0.14240765424055807,0.4402632007810753,-0.2003241040228463,0.3969089907605886,0.07821779602393722,-0.2582919381313408
0.649869405481194,0.7603592000677951,0.23199150177696948,0.5773655947383275,-0.10305642857551765,0.25817598786086227,-0.25694783693993434,-0.5959813654319258
0.19214974925459524,0.9846031858458758,1.0085230846281377,0.16605841286657097,1.2309002632735608,-0.3383759246079611,0.4862455231103896,0.9298745653336804
0.7213881017666,0.6856112048084348,-0.04534120638416204,1.0298034947972596,0.17485121555970703,0.9795876029394394,0.719404224302648,-0.14572879569781252
0.00620113891253954,-0.5851047146006891,-0.1285410188325015,-0.6291354720854915,-0.658871716845967,-0.4632356272177149,-0.8106997522715482,-0.37085508056486916
0.792906798052006,0.9696535867940038,0.509324209938101,0.9201215796314578,0.04979277569885592,0.4662754922104518,-0.19865816164186972,-0.8961497452546681
0.5640469699387067,0.9098551905865155,0.7450570118750628,0.33058128561527356,0.49444500631521543,-0.3799958254778791,-0.4172444440096121,-0.1582358115237601
1.0360703654223866,1.1639983744683404,0.25972477259308263,1.441110676669016,0.5778172995557829,1.2709269090288648,1.2294388831607135,0.1544395841249297
0.7070843625095188,0.745409601015923,0.6341239286106102,0.01524577951359361,0.03589739349209469,-0.9210545367868119,-1.4518861805502592,-0.6585164445616638
0.5354394914245443,0.5809640114453305,0.5370574807542141,-0.025884938673582037,-0.10305642857551765,-0.6019686301174413,-1.14586538523542,-0.5709673337800306
-2.1965747066779664,-1.3624838652980356,0.41225776208170495,-1.4380395964332793,0.8001434148639626,-0.35224922489793375,0.5882524548820027,1.1424938343747895
0.6212619269670315,0.7603592000677951,0.2735914080011392,1.0023830160058091,0.7167711216233952,0.7992346991697951,0.9817077631439389,0.4921290114255147
0.5354394914245443,0.8052079972234113,0.8837233659556285,-0.06701565686075768,-0.01968413533495025,-0.9071812364968392,-1.3644516676031622,-0.6710234603876114
1.3793601075923356,1.2536959687795728,0.09332514769640371,1.6056335494177185,-0.5893948058121609,1.2709269090288648,-0.1112236486947728,-2.0467952012418467
0.9073367121086557,0.745409601015923,-0.01760793556804889,1.125775170567336,0.2026419799732295,0.993460903229412,0.704831805478132,-0.09570073239402214
0.14923853148335162,-0.9737942899493623,-1.1685386744367445,-0.3549306841709872,-1.8677699688341944,-0.11640311996839896,-1.33530682995413,-1.3714163466406766
-1.4384765260526626,-0.854197497534386,0.5231908453461576,-2.2606539601767923,0.24432812659351322,-2.183524863174322,-1.2770171546560654,0.4921290114255147
0.2493647062829201,-1.452181459609268,-2.6106687568746283,0.4676836795725257,-1.9511422620747618,1.1599405067090836,0.6028248737065188,-0.40837612804271195
1.2935376720498484,0.401568822822866,-2.069869975960422,1.4822413948561917,-2.548643696965495,1.4374065125085365,0.427955847812325,-2.459526723498117
0.9073367121086557,-0.7644999032231538,-2.84640155881159,1.1531956493587865,-1.9789330264882843,1.5206463142483722,0.9671353443194227,-0.7085445078654542
1.1648040187361175,1.328443964038933,0.6757238348347798,1.317718522107489,0.5639219173490216,0.840854600039713,0.3988110101632927,-0.283305969783236
0.4639207951391382,0.17732483704478527,-0.47520690403391586,0.673337270508404,-0.45044098374454855,0.7021215971399867,0.19479714662006647,-0.5334462863021878
-1.0236680875973074,-1.1382398795199549,-0.059207841792218614,-1.80821606011786,-0.478231748158071,-1.5869729507054984,-1.4664585993747752,0.04187644169140137
-0.2512661677149222,0.49126641713409824,0.7727902826911759,-0.10814637504793333,1.1336325878262323,-0.19964292170823478,0.719404224302648,0.9799026286374708
-0.13683625365827254,0.14742563894104116,0.3706578558575352,-0.2863794871923611,0.34159580204084183,-0.3383759246079611,0.04907295837490491,0.34204482151414356
0.7213881017666,0.6706616057565629,-0.04534120638416204,1.0298034947972596,0.17485121555970703,0.9795876029394394,0.719404224302648,-0.14572879569781252
1.407967586106498,1.2686455678314448,0.07945851228834713,1.6193437888134439,-0.6032901880189221,1.2848002093188373,-0.09665122987025665,-2.059302217067794
1.336448889821092,1.2536959687795728,0.509324209938101,1.180616128150237,-0.8673024499473856,0.29979588873078017,-1.7724793946896145,-2.759695103320859
-1.3669578297672564,-0.5851047146006891,0.4954575745300444,-0.6428457114812167,1.0919464412059485,0.21655608699094434,1.083714694915552,1.3926341508937414
-0.07962129662994771,-0.4954071202894569,-0.2394741020969541,-0.6017149932940411,-0.5893948058121609,-0.40774242605782435,-0.883561846394129,-0.37085508056486916
0.16354227074043284,0.027828846526064793,0.07945851228834713,0.0015355401178683943,0.00810662907857222,0.05007648351127269,-0.052933973396708175,0.004355394213558593
0.13493479222627042,-1.2129878747793152,-1.2794717577011971,-0.5194535569196898,-2.1595729951761804,-0.2551361228681253,-1.6704724629180014,-1.5590215840298904
0.20645348851167647,1.1041999782608523,1.3967888760537217,-0.23153852960946025,1.3420633209276507,-0.990421038236675,-0.08207881104574048,1.004916660289366
0.5211357521674631,-0.5851047146006891,-1.5429378304542722,0.33058128561527356,-2.2151545240032253,0.4662754922104518,-0.7524100769734836,-1.8591899638526326
-1.6244251363947182,-1.2428870728830592,0.46772430371393126,-2.5485689874870214,0.14706045114618457,-2.294511265494103,-1.539320693497356,0.5421570747293051
-2.725813059189971,-1.9604678273729175,0.09332514769640371,-2.2469437207810667,0.4805496241084542,-0.7407016330171676,0.35509375368974416,1.2050289135045273
0.5354394914245443,0.2520728323041455,-0.41974036240168955,0.7555987068827552,-0.4365456015377873,0.7298681977199319,0.32594891604071186,-0.4709112071724499
0.9788554083940617,1.358343162142677,0.703457105650893,1.2765878039203133,0.7584572682436789,0.8547279003296856,0.7631214807761966,0.07939748916924415
0.14923853148335162,0.7753087991196672,1.3135890636053824,-1.1501245691230497,0.9113064725180525,-2.710710274193282,-1.8453414888121953,0.4546079639476719
1.3650563683352543,1.01450238394962,-0.3642738207694633,1.3999799584818404,-1.7427115289733435,0.9240944017795488,-0.9564239405167099,-3.2099476730549727
1.2649301935356858,0.8799559924827715,-0.10080774801638834,1.0160932554015343,-1.3258500627705063,0.4385288916305065,-1.437313761725743,-2.5971038975835405
-0.051013818115785294,-0.40570952597822457,-0.1285410188325015,-0.39606140235816284,-0.45044098374454855,-0.31062932402801585,-0.6212583075528383,-0.2707989539572884
0.42100957736789457,0.14742563894104116,-0.43360699780974615,0.6322065523212282,-0.4087548371242648,0.646628395980096,0.15107989014651801,-0.5084322546502927
-0.051013818115785294,0.08762724273355298,-0.19787419587278438,0.48139391896825096,0.3832819486611256,0.9379677020695214,1.2294388831607135,0.7047482804666237
1.336448889821092,1.2536959687795728,0.509324209938101,1.180616128150237,-0.8534070677406244,0.29979588873078017,-1.7870518135141307,-2.7471880874949117
-0.7662007809698457,0.027828846526064793,0.6895904702428365,-0.06701565686075768,1.2586910276870833,0.4385288916305065,1.2731561396342619,1.342606087589951
-0.07962129662994771,0.012879247474192746,-0.11467438342444491,0.4676836795725257,0.5083403885219767,0.840854600039713,1.2294388831607135,0.7172552962925713
1.3078414113069294,0.41651842187473803,-2.069869975960422,1.4959516342519168,-2.5347483147587337,1.4374065125085365,0.44252826663684114,-2.4470197076721694
0.7070843625095188,-0.8392478984825139,-1.87573708024763,0.8652806220485569,-1.2563731517367,1.3125468098987827,0.8651284125478096,-0.3083200014351312
0.8501217550803308,0.2819720304078896,-0.4613402686258593,0.9612522978186334,-0.478231748158071,0.9379677020695214,0.2822316595671634,-0.5709673337800306
0.09202357445502679,-0.8242982994306419,-1.0853388619884052,0.05637649770076925,-1.0618378008420428,0.3969089907605886,-0.09665122987025665,-0.45840419134650234
0.6355656662241127,-0.06186874778516749,-1.0160056849481223,0.9749625372143587,-0.4643363659513098,1.2848002093188373,1.1711492078626489,0.06689047334329655
-0.33708860325740947,0.46136721903035416,0.7866569180992324,-0.12185661444365854,1.175318734446516,-0.18576962141826214,0.704831805478132,1.0424377077672087
1.0503741046794677,1.2835951668833168,0.7311903764670061,1.2217468463374126,0.522235770728738,0.7714880985898498,0.44252826663684114,-0.2582919381313408
0.16354227074043284,0.9248047896383876,0.869856730547572,0.8515703826528317,1.4810171429952632,0.9795876029394394,1.6957562855452306,1.342606087589951
-0.8091119987410893,-0.017019950629551348,0.8559900951395154,-0.6839764296683923,1.1058418234127099,-0.6297152306973866,0.29680407839167955,1.1550008502007372
-0.46582225657114035,-0.6748023089119214,-0.5029401748500291,0.0015355401178683943,0.06368815790561716,0.5495152939502876,0.8797008313723258,0.5296500589033575
-0.07962129662994771,0.057728044629808885,-0.14240765424055807,0.4265529613853501,0.45275885969493174,0.8963478011996036,1.2148664643361973,0.7297623121185189
-0.9664531305689826,-1.5867278510761162,-0.9189392370917263,-0.6017149932940411,-0.49212713036483224,0.23042938728091697,0.44252826663684114,0.4421009481217243
0.8930329728515745,1.2088471716239566,0.6895904702428365,1.0983546917758855,0.522235770728738,0.6605016962700687,0.3696661725142603,-0.3208270172610788
1.3650563683352543,1.044401582053364,0.23199150177696948,1.194326367545962,-0.6032901880189221,0.6605016962700687,-0.9418515216921937,-1.721612789767209
0.8644254943374121,0.38661922377099395,0.07945851228834713,0.1934788916580214,-1.311954680563745,-0.5880953298274686,-2.4136658229683254,-2.2344004386310603
0.14923853148335162,0.9846031858458758,1.327455699013439,-0.1904078114222846,1.2864817921006058,-0.990421038236675,-0.19865816164186972,0.9673956128115232
-0.3943035602857343,-0.555205516496945,-0.5722733518903119,0.05637649770076925,-0.005788753128189014,0.7714880985898498,0.9525629254949066,0.4796219955995671
1.0360703654223866,1.01450238394962,0.39839112667364834,1.1394854099630614,0.04979277569885592,0.7298681977199319,-0.19865816164186972,-0.8961497452546681
-0.7518970417127645,-0.0020703515776793013,0.5925240223864404,0.04266625830504404,1.1336325878262323,0.5078953930803697,1.2440113019852297,1.1550008502007372
1.1934114972502798,1.074300780157108,0.6757238348347798,0.6870475099041291,-0.6032901880189221,-0.4771089275076875,-2.369948566494777,-2.159358343675375
0.9073367121086557,1.2686455678314448,0.9669231784039679,0.74188846748703,0.6750849750031115,-0.1718963211282895,-0.43181686283412823,-0.20826387482755046
-0.58025217062779,-2.408955798929079,-2.3472026841215534,-0.4920330781282394,-1.8816653510409558,0.5911351948202055,0.07821779602393722,-0.23327790647944566
0.5211357521674631,0.5510648133415864,0.509324209938101,-0.03959517806930725,-0.1169518107822789,-0.6019686301174413,-1.14586538523542,-0.5709673337800306
0.6927806232524376,-0.12166714399265569,-1.0853388619884052,0.9475420584229083,-0.45044098374454855,1.1321939061291384,1.0545698572665196,0.04187644169140137
-0.4229110387998967,-0.6897519079637935,-0.4474736332178027,-0.025884938673582037,0.10537430452590087,0.5495152939502876,0.8505559937232935,0.5171430430774099
0.5926544484528691,1.059351181105236,1.355188969829552,-0.6017149932940411,0.9807833835518587,-2.766203475353173,-2.297086472372196,0.3045237740363008
-0.4515185173140591,-1.1382398795199549,-0.47520690403391586,-1.2049655267059505,-1.186896240702894,-1.0042943385266476,-1.5684655311463884,-0.6585164445616638
1.4651825431348229,1.3732927611945491,0.13492505392057344,1.5096618736476421,-0.8673024499473856,0.9657143026494668,-0.19865816164186972,-2.0217811695899512
-0.4801259958282216,-0.3010623326151203,0.051725241472233986,-0.38235116296243765,0.17485121555970703,0.022329882931327417,0.47167310428587345,0.42959393229577675
-0.8663269557694142,-0.07681834683703954,0.8282568243234022,-0.6839764296683923,1.119737205619471,-0.5880953298274686,0.32594891604071186,1.1800148818526321
-2.311004620734616,-1.2578366719349312,0.2874580434091958,-1.6025624691819818,0.7306665038301564,-0.49098222779766015,0.5591076172329703,1.0174236761153135
-0.7518970417127645,-2.5883509875515434,-2.4581357673860063,-0.1904078114222846,-1.2563731517367,1.03508080409933,0.8942732501968419,0.4921290114255147
-0.051013818115785294,0.04277844557793684,-0.14240765424055807,0.49510415836397614,0.46665424190169297,0.8686012006196583,1.2440113019852297,0.7047482804666237
0.14923853148335162,0.7753087991196672,1.327455699013439,-1.1364143297273244,0.9113064725180525,-2.710710274193282,-1.8453414888121953,0.4546079639476719
0.9359441906228181,1.1041999782608523,0.6757238348347798,1.0023830160058091,0.1192696867326621,0.4662754922104518,-0.15494090516832126,-0.9086567610806157
1.2935376720498484,0.9846031858458758,0.2874580434091958,1.1531956493587865,-0.5477086591918772,0.5911351948202055,-1.0438584534638067,-1.6840917422893664
0.7642993195378436,0.8500567943790274,0.8282568243234022,0.0015355401178683943,-0.033579517541711484,-0.9210545367868119,-1.4227413429012268,-0.6460094287357162
0.34949088108248855,-0.6748023089119214,-1.8618704448395733,0.5773655947383275,-1.3814315915975512,1.03508080409933,0.7776938996007127,-0.23327790647944566
0.7499955802807624,1.5377383507651416,1.2442558865650994,0.9475420584229083,1.592180200649353,0.4246555913405339,1.2294388831607135,1.1174798027228943
0.9216404513657369,1.313494364987061,0.9946564492200811,0.7830191856742057,0.702875739416634,-0.15802302083831687,-0.4172444440096121,-0.20826387482755046
0.649869405481194,-0.07681834683703954,-0.9466725079078394,0.6047860735297779,-1.3397454449772677,0.7437414980099045,-0.31523751223799895,-1.296374251684991
1.007462886908224,1.5825871479207578,1.1749227095248165,1.1669058887545116,1.2586910276870833,0.45240219192047915,0.6756869678290996,0.4796219955995671
0.6784768839953563,0.6108632095490747,0.12105841851251686,0.6047860735297779,-0.21421948622960754,0.25817598786086227,-0.22780299929090203,-0.6710234603876114
0.9788554083940617,0.8351071953271554,0.01012533524806426,0.9064113402357326,-0.7005578634662507,0.34141578960069807,-0.7669824957979998,-1.4589654574223097
0.4639207951391382,-0.1665159411482718,-0.9744057787239526,0.5225246371554266,-1.3814315915975512,0.5495152939502876,-0.35895476871154747,-1.3464023149887814
-2.71150931993289,-1.9604678273729175,0.09332514769640371,-2.2469437207810667,0.4805496241084542,-0.7407016330171676,0.35509375368974416,1.2050289135045273
0.2636684455400013,0.9397543886902597,1.355188969829552,-0.8073685842299193,1.064155676792426,-1.9615520585347597,-0.9855687781657422,0.6922412646406761
-0.32278486400032824,-0.18146554020014388,-0.10080774801638834,-0.20411805081800982,0.06368815790561716,0.1333162852511085,0.340521334865228,0.34204482151414356
0.5783507091957879,1.1789479735202124,1.0223897200361942,0.6184963129255031,0.9113064725180525,-0.019290017938590493,0.2822316595671634,0.267002726558458
0.13493479222627042,-1.198038275727443,-1.293338393109254,-0.5057433175239646,-2.1734683773829415,-0.24126282257815268,-1.6559000440934852,-1.5590215840298904
0.2493647062829201,-1.482080657713012,-2.6106687568746283,0.4265529613853501,-1.9511422620747618,1.146067206419111,0.6028248737065188,-0.42088314386865955
0.8930329728515745,0.29692162945976164,-0.5029401748500291,0.933831819027183,-0.5199178947783547,0.8547279003296856,0.2822316595671634,-0.558460317954083
-0.36569608177157187,0.49126641713409824,0.9530565429959114,-0.12185661444365854,1.2309002632735608,-0.18576962141826214,0.7485490619516804,1.0549447235931564
-2.7544205377041338,-1.8857198321135573,0.23199150177696948,-2.2469437207810667,0.5500265351422604,-0.8516880353369487,0.3113764972161957,1.1550008502007372
-1.395565308281419,-0.5701551155488171,0.6479905640186667,-0.5742945145025906,1.0919464412059485,0.1333162852511085,0.9671353443194227,1.2550569768083177
0.14923853148335162,0.7753087991196672,1.3135890636053824,-1.1501245691230497,0.9113064725180525,-2.710710274193282,-1.8453414888121953,0.4671149797736195
-2.3253083599916975,-1.2578366719349312,0.2735914080011392,-1.6025624691819818,0.7167711216233952,-0.49098222779766015,0.5591076172329703,1.0174236761153135
-1.1810092194252009,-0.3459111297707364,0.9530565429959114,-1.5340112722033556,0.7862480326572013,-1.4343666475157995,-0.46096170048316054,0.9673956128115232
1.0217666261653053,1.6124863460245018,1.0501229908523073,1.3999799584818404,1.2864817921006058,0.9518410023594941,1.2002940455116813,0.5046360272514623
0.8072105373090872,1.2387463697277006,0.9391899075878548,0.7281782280913048,0.9252018547248138,0.036203183221300055,0.29680407839167955,0.2795097423844056
0.8358180158232497,0.9846031858458758,0.3706578558575352,1.1669058887545116,0.647294210589589,1.0073342035193846,1.0108526007929712,0.267002726558458
-1.1667054801681196,-0.017019950629551348,1.063989626260364,-1.424329357037554,1.175318734446516,-1.4343666475157995,-0.09665122987025665,1.129986818548842
0.1206310529691892,0.9248047896383876,0.9114566367717416,0.8378601432571066,1.5227032896155468,0.9657143026494668,1.7103287043697466,1.3801271350677937
-1.123794262396876,-0.36086072882260845,0.5647907515703273,-1.5614317509948061,0.6889803572098727,-1.5592263501255532,-0.5192513757812252,0.8673394862039424
-0.8949344342835766,-1.497030256764884,-0.8634726954595,-0.42348188114961327,-0.22811486843636877,0.646628395980096,0.9234180878458742,0.7172552962925713
-0.6803783454273584,-1.2428870728830592,-0.6832064351547645,-0.5742945145025906,-0.478231748158071,0.1610628858310538,0.16565230897103417,0.267002726558458
0.5497432306816254,0.6108632095490747,0.5370574807542141,0.0015355401178683943,-0.08916104636875642,-0.6158419304074139,-1.14586538523542,-0.5709673337800306
0.5926544484528691,0.8949055915346436,0.5370574807542141,0.8652806220485569,0.8001434148639626,0.7021215971399867,0.9088456690213581,0.5046360272514623
1.336448889821092,1.2536959687795728,0.509324209938101,1.1669058887545116,-0.8534070677406244,0.29979588873078017,-1.7870518135141307,-2.7471880874949117
0.7642993195378436,0.8351071953271554,0.8143901889153456,0.0015355401178683943,-0.033579517541711484,-0.9071812364968392,-1.4227413429012268,-0.6585164445616638
0.4782245343962194,0.6407624076528188,0.5370574807542141,0.01524577951359361,-0.005788753128189014,-0.879434635916894,-1.4664585993747752,-0.7085445078654542
1.3936638468494167,1.2536959687795728,0.09332514769640371,1.6193437888134439,-0.5893948058121609,1.2709269090288648,-0.1112236486947728,-2.0467952012418467
0.00620113891253954,0.6856112048084348,0.9669231784039679,-0.6702661902726672,0.8418295614842463,-1.8644389565049513,-1.0001411969902583,0.6046921538590431
1.2220189757644422,1.1340991763645962,0.45385766830587465,1.2354570857331377,0.07758354011237839,0.8131079994597677,-0.15494090516832126,-0.8836427294287205
-0.6517708669131961,0.057728044629808885,0.5231908453461576,-0.025884938673582037,1.1058418234127099,0.49402209279039705,1.2148664643361973,1.1550008502007372
-1.5242989615951499,-2.8424941714333682,-1.6538709137187249,-0.9581812175828966,-0.7978255389135794,0.5911351948202055,0.7485490619516804,0.7422693279444665
0.9645516691369805,1.01450238394962,0.8837233659556285,0.20718913105374662,-0.14474257519580136,-1.337253545485991,-2.7051141994586487,-1.3714163466406766
0.8787292335944933,0.401568822822866,0.07945851228834713,0.1934788916580214,-1.311954680563745,-0.574222029537496,-2.4282382417928416,-2.2344004386310603
1.064677843936549,0.9397543886902597,0.30132467881725233,0.9064113402357326,-0.7561393922932957,0.32754248931072544,-0.8252721710960644,-1.8091619005488422
-0.8663269557694142,-1.4222822615055237,-0.9328058724997829,-0.6291354720854915,-0.5060225125715935,0.4662754922104518,0.4862455231103896,0.5171430430774099
0.22075722776875767,-0.3758103278744805,-0.4613402686258593,0.0015355401178683943,-0.8256163033271019,0.11944298496113588,-0.5483962134302575,-0.5959813654319258
-0.49442973508530275,-0.5851047146006891,0.3429245850414221,-1.7259546237435088,-0.478231748158071,-2.1973981634642943,-2.384520985319293,-0.38336209639081675
-0.8520232165123329,-1.6016774501279885,-0.8773393308675566,-0.6428457114812167,-0.42265021933102603,0.25817598786086227,0.38423859133877647,0.34204482151414356
-0.7662007809698457,0.012879247474192746,0.5231908453461576,-0.03959517806930725,1.0919464412059485,0.4246555913405339,1.2294388831607135,1.1049727868969468
0.3351871418254073,1.059351181105236,1.2719891573812125,-0.20411805081800982,1.1614233522397548,-1.0042943385266476,-0.15494090516832126,0.8173114229001521
-0.7518970417127645,-0.017019950629551348,0.7450570118750628,-0.7113969084598428,1.0085741479653811,-0.6990817321472497,0.16565230897103417,1.0799587552450516
0.4353133166249758,-0.8691470965862581,-1.9034703510637432,0.5910758341340526,-1.2563731517367,0.8547279003296856,0.6902593866536157,-0.24578492230539326
0.5926544484528691,-0.06186874778516749,-1.0853388619884052,0.9064113402357326,-0.4643363659513098,1.03508080409933,1.0545698572665196,0.06689047334329655
1.279233932792767,0.9696535867940038,0.30132467881725233,1.1394854099630614,-0.5338132769851159,0.5911351948202055,-1.0438584534638067,-1.6840917422893664
0.5783507091957879,0.6258128086009467,0.5509241161622707,0.01524577951359361,-0.07526566416199519,-0.6158419304074139,-1.14586538523542,-0.5709673337800306
0.49252827365330065,-0.10671754494078363,-1.0021390495400657,0.549945115946877,-1.423117738217835,0.5911351948202055,-0.31523751223799895,-1.3714163466406766
0.7786030587949249,0.6557120067046908,0.03785860606417741,1.0023830160058091,0.18874659776646827,0.8269812997497403,0.704831805478132,-0.08319371656807455
-0.9378456520548202,-1.6465262472836044,-0.9050726016836697,-0.6291354720854915,-0.42265021933102603,0.21655608699094434,0.427955847812325,0.40457990064388155
0.03480861742670196,0.9995527848977479,1.1887893449328732,0.358001764406724,1.592180200649353,0.10556968467116323,1.0691422760910358,1.2550569768083177
-0.7518970417127645,-0.0020703515776793013,0.7589236472831193,-0.7113969084598428,1.0085741479653811,-0.6990817321472497,0.16565230897103417,1.0799587552450516
-2.010626096335911,-1.2428870728830592,0.1626583247366866,-1.5614317509948061,0.6056080639693053,-0.3383759246079611,0.4862455231103896,1.0174236761153135
-1.3526540905101754,-0.5402559174450731,0.3845244912655918,-0.656555950876942,0.8974110903112913,0.10556968467116323,0.9088456690213581,1.0424377077672087
1.0217666261653053,0.8650063934308995,0.09332514769640371,0.9886727766100839,-0.6171855702256833,0.5217686933703424,-0.8398445899205805,-1.8091619005488422
0.8215142765661685,1.2387463697277006,0.9253232721797983,0.7555987068827552,0.8974110903112913,0.06394978380124533,0.2822316595671634,0.2544957107325104
0.20645348851167647,-0.8242982994306419,-1.6677375491267814,0.4676836795725257,-1.0757331830488042,0.9379677020695214,0.6465421301800673,-0.3083200014351312
0.049112356683783165,-1.5418790539205003,-2.638402027690742,0.33058128561527356,-1.9372468798680007,0.9795876029394394,0.529962779583938,-0.45840419134650234
-2.725813059189971,-1.9006694311654293,0.12105841851251686,-2.2058130025938913,0.45275885969493174,-0.7129550324372224,0.3113764972161957,1.0799587552450516
0.2922759240541637,0.9248047896383876,1.0223897200361942,-0.1904078114222846,1.0224695301721423,-0.990421038236675,-0.1403684863438051,0.667227232988781
-0.8234157379981706,-1.4073326624536517,-0.9189392370917263,-0.6428457114812167,-0.5060225125715935,0.4662754922104518,0.47167310428587345,0.34204482151414356
0.9216404513657369,1.1938975725720844,0.9530565429959114,0.5088143977597014,0.3971773308678868,-0.5880953298274686,-1.14586538523542,-0.5709673337800306
-0.10822877514411013,0.6108632095490747,1.285855792789269,-1.287226963080302,0.8696203258977688,-2.6829636736133367,-1.8890587452857437,0.5046360272514623
-1.05227556611147,-1.0036934880531065,-0.0730744772002752,-1.0952836115401487,-0.01968413533495025,-0.49098222779766015,-0.12579606751928896,0.4546079639476719
0.3065796633112449,1.1191495773127242,1.063989626260364,0.2620300886366475,1.2725864098938446,-0.35224922489793375,0.4571006854613573,0.9173675495077328
0.14923853148335162,-0.9588446908974904,-1.1685386744367445,-0.341220444775262,-1.8677699688341944,-0.10252981967842631,-1.33530682995413,-1.3714163466406766
0.2922759240541637,-0.27116313451137614,-0.600006622706425,-0.012174699277856822,-0.9784655076014754,0.05007648351127269,-0.7232652393244513,-0.7835866028211397
0.03480861742670196,1.01450238394962,1.1887893449328732,0.358001764406724,1.6060755828561142,0.0916963843811906,1.0691422760910358,1.2675639926342654
0.23506096702583887,-1.482080657713012,-2.6106687568746283,0.4265529613853501,-1.9511422620747618,1.1599405067090836,0.6028248737065188,-0.42088314386865955
0.6927806232524376,0.5211656152378423,0.606390657794497,-0.2589590084009107,-0.4643363659513098,-1.3233802451960184,-2.3262313100212286,-1.1337830459476723
-0.051013818115785294,-0.6000543136525612,-0.32267391454529354,-0.6154252326897663,-0.6310809524324446,-0.4354890266377696,-0.8981342652186453,-0.42088314386865955
0.049112356683783165,-1.0036934880531065,-1.1408054036206314,-0.3549306841709872,-1.895560733247717,-0.13027642025837158,-1.247872317007033,-1.3589093308147289
1.0503741046794677,0.9397543886902597,0.30132467881725233,0.9064113402357326,-0.7422440100865345,0.32754248931072544,-0.8252721710960644,-1.8091619005488422
0.22075722776875767,0.2819720304078896,0.7589236472831193,-1.0678631327486985,-0.08916104636875642,-2.322257866074048,-2.6759693618096163,-0.5084322546502927
0.22075722776875767,0.04277844557793684,0.12105841851251686,-0.2589590084009107,-0.2836963972634137,-0.5187288283776055,-1.0438584534638067,-0.4834182229983975
0.09202357445502679,-1.5418790539205003,-2.638402027690742,0.3031608068238231,-1.895560733247717,0.9518410023594941,0.5153903607594219,-0.44589717552055474
0.7642993195378436,1.5377383507651416,1.2442558865650994,0.9612522978186334,1.6060755828561142,0.4246555913405339,1.2294388831607135,1.1174798027228943
-1.2954391334818505,-0.6000543136525612,0.5647907515703273,-0.5194535569196898,1.064155676792426,0.2720492881508349,1.0108526007929712,1.3300990717640033
-0.8949344342835766,-1.497030256764884,-0.8634726954595,-0.4097716417538881,-0.22811486843636877,0.6605016962700687,0.9379905066703904,0.7172552962925713
0.2922759240541637,-0.7495503041712817,-1.9173369864717997,0.5910758341340526,-1.3536408271840288,1.0905740052592205,0.8359835748987773,-0.1957568590016029
-1.1380980016539572,-0.39075992692635253,0.5370574807542141,-1.5614317509948061,0.7167711216233952,-1.5453530498355805,-0.5046789569567091,0.8923535178558376
0.5783507091957879,1.5227887517132694,1.355188969829552,0.8927011008400074,1.7311340227169654,0.4801487925004244,1.360590652581359,1.3300990717640033
0.34949088108248855,-0.6598527098600494,-1.8480038094315168,0.5773655947383275,-1.3814315915975512,1.0212075038093573,0.7631214807761966,-0.24578492230539326
1.1075890617077926,1.1789479735202124,0.35679122044947864,1.1669058887545116,-0.07526566416199519,0.6605016962700687,-0.03836155457219202,-0.9336707927325109
-0.8806306950264954,-1.437231860557396,-0.9189392370917263,-0.6428457114812167,-0.49212713036483224,0.45240219192047915,0.47167310428587345,0.5296500589033575
-0.8234157379981706,-1.526929454868628,-0.8912059662756131,-0.656555950876942,-0.4643363659513098,0.41078229105056124,0.41338342898780883,0.3045237740363008
1.1791077579931986,1.1789479735202124,0.4954575745300444,1.1531956493587865,-0.07526566416199519,0.5911351948202055,-0.09665122987025665,-0.9336707927325109
0.20645348851167647,1.1041999782608523,1.3967888760537217,-0.21782829021373504,1.3420633209276507,-0.990421038236675,-0.08207881104574048,0.9924096444634184
-3.827200981985224,-1.8707702330616853,0.6757238348347798,-2.1509720450109904,1.3420633209276507,-0.10252981967842631,1.258583720809746,1.6677884990645884
0.8358180158232497,0.9846031858458758,0.3706578558575352,1.1669058887545116,0.647294210589589,1.0212075038093573,1.0108526007929712,0.267002726558458
0.8787292335944933,-0.6000543136525612,-2.7354684755471377,0.9886727766100839,-2.6875975190331074,1.2709269090288648,0.26765924074264724,-1.7466268214191043
0.4782245343962194,0.9098551905865155,0.4399910328978181,1.0709342129844353,1.0919464412059485,1.1738138069990562,1.6374666102471658,0.942381581159628
1.3221451505640107,1.2387463697277006,0.5231908453461576,1.1531956493587865,-0.8395116855338631,0.28592258844080753,-1.816196651163163,-2.7346810716689642
-3.3122663687303007,-2.543502190395927,-0.0037413001599923153,-2.000159411658013,0.6750849750031115,0.036203183221300055,0.9379905066703904,1.4176481825456364
0.02050487816962075,0.700560803860307,0.9807898138120246,-0.6702661902726672,0.8557249436910075,-1.8644389565049513,-1.0147136158147745,0.6046921538590431
0.42100957736789457,0.17732483704478527,-0.15627428964861464,0.4402632007810753,-0.21421948622960754,0.41078229105056124,0.07821779602393722,-0.2707989539572884
0.09202357445502679,0.8799559924827715,0.7589236472831193,0.8104396644656561,1.411540231961457,0.9379677020695214,1.652039029071682,1.1925218976785799
-0.3799998210286531,-0.6449031108081773,-0.5029401748500291,0.0015355401178683943,0.04979277569885592,0.5911351948202055,0.8797008313723258,0.4796219955995671
0.5497432306816254,1.328443964038933,1.2026559803409298,0.6322065523212282,1.4393309963749794,0.036203183221300055,0.704831805478132,0.8923535178558376
0.6212619269670315,1.5676375488688856,1.3690556052376086,0.9201215796314578,1.7450294049237265,0.4801487925004244,1.3460182337568427,1.3300990717640033
0.5068320129103818,0.6407624076528188,0.509324209938101,0.028956018909318825,-0.01968413533495025,-0.8655613356269214,-1.4810310181992914,-0.7085445078654542
0.3924020988537322,-0.10671754494078363,-1.1269387682125749,0.8241499038613813,-0.4365456015377873,1.1738138069990562,1.1711492078626489,0.24198869490656286
-0.49442973508530275,-0.6299535117563053,-0.4613402686258593,0.04266625830504404,0.10537430452590087,0.6050084951101782,0.9525629254949066,0.7047482804666237
0.19214974925459524,0.8201575962752833,1.0223897200361942,-0.5742945145025906,0.8696203258977688,-1.9338054579548143,-1.0292860346392907,0.4671149797736195
-2.024929835592992,-1.2129878747793152,0.19039159555279975,-1.5751419903905313,0.6333988283828278,-0.36612252518790644,0.5008179419349057,1.0549447235931564
0.13493479222627042,0.9696535867940038,1.3135890636053824,-0.23153852960946025,1.2864817921006058,-0.990421038236675,-0.19865816164186972,0.9799026286374708
-2.153663488906723,-1.3176350681424194,0.6479905640186667,-1.479170314620455,1.0224695301721423,-0.3245026243179885,0.7776938996007127,1.4801832616753745
0.8787292335944933,-0.6000543136525612,-2.7354684755471377,0.9886727766100839,-2.6875975190331074,1.2709269090288648,0.2822316595671634,-1.7466268214191043
-2.082144792621317,-0.6748023089119214,1.0223897200361942,-2.7816430572143505,0.9668880013450974,-2.669090373323364,-0.868989427569613,1.1424938343747895
0.7499955802807624,-0.9887438890012344,-3.179200808604948,1.0435137341929848,-2.326317581657315,1.4790264133784543,0.9088456690213581,-0.7835866028211397
-0.2798736462290846,-0.5701551155488171,-0.2533407375050107,-0.5880047538983159,-0.6866624812594895,-0.4632356272177149,-0.883561846394129,-0.3208270172610788
0.6784768839953563,-1.1382398795199549,-3.4288002459499665,1.1669058887545116,-1.6871300001462983,1.7148725183079891,1.5791769349491012,0.04187644169140137
-0.4229110387998967,0.14742563894104116,0.6757238348347798,-0.5057433175239646,0.7723526504504401,-0.5880953298274686,0.04907295837490491,0.7172552962925713
0.13493479222627042,-1.2129878747793152,-1.293338393109254,-0.5057433175239646,-2.1595729951761804,-0.24126282257815268,-1.6704724629180014,-1.5590215840298904
-0.7948082594840081,-0.0020703515776793013,0.869856730547572,-0.6839764296683923,1.1058418234127099,-0.6297152306973866,0.2822316595671634,1.1424938343747895
0.2922759240541637,-0.22631433735576,-0.5722733518903119,-0.03959517806930725,-0.9645701253947142,0.036203183221300055,-0.7815549146225159,-0.7835866028211397
0.5640469699387067,0.29692162945976164,-0.4474736332178027,0.7830191856742057,-0.478231748158071,0.7714880985898498,0.3696661725142603,-0.4959252388243451
-0.4515185173140591,-1.183088676675571,-0.5445400810741987,-1.1227040903315992,-1.2007916229096551,-0.8516880353369487,-1.5247482746728398,-0.620995397083821
0.3637946203395698,-0.6598527098600494,-1.8341371740234602,0.5773655947383275,-1.3814315915975512,1.0073342035193846,0.7631214807761966,-0.24578492230539326
0.6069581877099504,0.8949055915346436,0.5370574807542141,0.8789908614442822,0.8001434148639626,0.7159948974299593,0.9088456690213581,0.4921290114255147
0.32088340256832615,0.6407624076528188,0.6341239286106102,-0.06701565686075768,-0.047474899748472715,-0.8516880353369487,-1.3790240864276784,-0.7460655553432969
-0.7662007809698457,0.027828846526064793,0.5370574807542141,-0.053305417465032465,1.1058418234127099,0.4246555913405339,1.2294388831607135,1.129986818548842
1.007462886908224,1.6124863460245018,1.063989626260364,1.386269719086115,1.300377174307367,0.9379677020695214,1.2002940455116813,0.5171430430774099
0.34949088108248855,-1.3923830634017798,-2.4581357673860063,0.24831984924092226,-2.5764344613790175,0.7576147982998772,-0.3880996063605798,-1.4089373941185193
0.8072105373090872,0.3716696247191219,-0.5445400810741987,0.9201215796314578,-0.5754994236053996,0.7853613988798225,0.340521334865228,-0.5834743496059782
-2.024929835592992,-1.2578366719349312,0.2735914080011392,-1.5340112722033556,0.7723526504504401,-0.2828827234480706,0.6756869678290996,1.3050850401121081
-0.29417738548616584,-0.5701551155488171,-0.26720737291306723,-0.5880047538983159,-0.6866624812594895,-0.4632356272177149,-0.8981342652186453,-0.3208270172610788
-1.3669578297672564,-0.5851047146006891,0.509324209938101,-0.6428457114812167,1.0919464412059485,0.2026827867009717,1.083714694915552,1.405141166719689
-0.0653175573728665,0.3716696247191219,1.0917228970764772,-1.4517498358290044,0.6056080639693053,-2.9604296794127896,-2.340803728845745,0.267002726558458
-0.6374671276561148,0.012879247474192746,0.6895904702428365,-0.7388173872512932,0.8974110903112913,-0.7268283327271949,0.20936956544458263,0.8423254545520472
-2.039233574850073,-1.2428870728830592,0.2874580434091958,-1.5614317509948061,0.7862480326572013,-0.2967560237380432,0.704831805478132,1.3175920559380558
0.23506096702583887,-1.497030256764884,-2.582935486058515,0.31687104621954837,-1.9094561154544782,0.9240944017795488,0.427955847812325,-0.5334462863021878
-1.9963223570788298,-1.3923830634017798,0.30132467881725233,-1.4517498358290044,0.7862480326572013,-0.2551361228681253,0.6756869678290996,1.3801271350677937
0.8787292335944933,0.7155104029121789,0.023991970656120836,1.0846444523801604,0.24432812659351322,0.9379677020695214,0.6756869678290996,-0.04567266909023177
0.7213881017666,0.6706616057565629,-0.03147457097610547,1.0298034947972596,0.17485121555970703,0.9795876029394394,0.719404224302648,-0.13322177987186493
0.6355656662241127,0.6706616057565629,-0.03147457097610547,1.1120649311716109,0.5917126817625441,1.2015604075790016,1.4043079090549073,0.5171430430774099
0.7356918410236812,-0.06186874778516749,-0.9744057787239526,1.0023830160058091,-0.4643363659513098,1.2293070081589468,1.083714694915552,0.016862410039506184
0.6641731447382752,0.3268208275635057,-0.33654054995335014,0.7830191856742057,-0.39485945491750357,0.7159948974299593,0.2530868219181311,-0.5084322546502927
-0.6803783454273584,0.34177042661537776,1.0223897200361942,-0.6839764296683923,1.2586910276870833,-0.8100681344670309,0.3113764972161957,1.092465771070999
1.0503741046794677,1.6274359450763738,1.0223897200361942,1.4548209160647412,1.2586910276870833,1.0212075038093573,1.2148664643361973,0.4671149797736195
0.17784600999751404,1.044401582053364,1.1055895324845337,0.7555987068827552,1.647761729476398,0.688248296850014,1.5937493537736174,1.3926341508937414
0.3924020988537322,0.16237523799291323,-0.14240765424055807,0.4265529613853501,-0.2003241040228463,0.383035690470616,0.06364537719942107,-0.2582919381313408
-0.9664531305689826,-1.5867278510761162,-0.9189392370917263,-0.6017149932940411,-0.49212713036483224,0.2443026875708896,0.44252826663684114,0.4421009481217243
0.4782245343962194,0.19227443609665731,-0.47520690403391586,0.6870475099041291,-0.4643363659513098,0.7021215971399867,0.20936956544458263,-0.5459533021281354
0.3637946203395698,-0.6449031108081773,-1.8341371740234602,0.5773655947383275,-1.3814315915975512,1.0073342035193846,0.7485490619516804,-0.2582919381313408
0.22075722776875767,-0.8242982994306419,-1.6954708199428945,0.5088143977597014,-1.0757331830488042,0.9795876029394394,0.6902593866536157,-0.3083200014351312
0.8501217550803308,0.700560803860307,0.03785860606417741,1.0709342129844353,0.25822350880027445,0.9240944017795488,0.6611145490045834,-0.03316565326428418
0.42100957736789457,0.17732483704478527,-0.17014092505667122,0.4402632007810753,-0.22811486843636877,0.41078229105056124,0.07821779602393722,-0.2707989539572884
-2.768724276961215,-1.8857198321135573,0.24585813718502603,-2.2469437207810667,0.5500265351422604,-0.8516880353369487,0.3113764972161957,1.1675078660266847
0.9645516691369805,-0.0319695496814234,-1.0160056849481223,0.8652806220485569,-1.3814315915975512,0.8963478011996036,-0.2715202557644505,-1.3338952991628337
0.34949088108248855,1.1789479735202124,1.2165226157489863,0.16605841286657097,1.3281679387208896,-0.31062932402801585,0.5591076172329703,0.9924096444634184
-0.00810260034454167,-2.035215822632278,-3.0544010899324388,0.49510415836397614,-1.5759669424922085,1.3541667107687005,1.185721626687165,0.2544957107325104
0.8072105373090872,0.8949055915346436,0.3290579496333655,0.9612522978186334,-0.06137028195523395,0.5495152939502876,-0.18408574281735357,-0.9962058718622487
-0.6660746061702773,-1.2129878747793152,-0.6832064351547645,-0.5742945145025906,-0.49212713036483224,0.1333162852511085,0.1219350524974857,0.24198869490656286
0.6641731447382752,0.38661922377099395,-0.5168068102580856,1.05722397358871,0.14706045114618457,1.1321939061291384,1.2440113019852297,0.32953780568819596
0.9788554083940617,1.5526879498170136,1.1471894387087034,1.1394854099630614,1.2309002632735608,0.45240219192047915,0.6611145490045834,0.4796219955995671
-3.4982149790723565,-1.7212742425429648,0.7173237410589496,-2.6719611420485485,1.0919464412059485,-1.0042943385266476,0.529962779583938,1.492690277501322
0.9216404513657369,0.9397543886902597,0.8282568243234022,0.12492769467939534,-0.21421948622960754,-1.378873446355909,-2.7342590371076807,-1.3714163466406766
-1.05227556611147,-1.0036934880531065,-0.08694111260833176,-1.0952836115401487,-0.033579517541711484,-0.49098222779766015,-0.1112236486947728,0.4421009481217243
0.8072105373090872,0.38661922377099395,-0.5445400810741987,0.9201215796314578,-0.5754994236053996,0.7992346991697951,0.35509375368974416,-0.5834743496059782
-0.3799998210286531,0.49126641713409824,0.9530565429959114,-0.12185661444365854,1.2309002632735608,-0.18576962141826214,0.7485490619516804,1.0674517394191039
-1.2668316549676881,-0.6000543136525612,0.5509241161622707,-0.5057433175239646,1.0363649123789036,0.28592258844080753,1.0108526007929712,1.3050850401121081
0.6784768839953563,-1.1531894785718269,-3.4288002459499665,1.180616128150237,-1.6871300001462983,1.7148725183079891,1.5354596784755528,0.04187644169140137
0.5497432306816254,0.700560803860307,0.8005235535072891,0.0015355401178683943,-0.07526566416199519,-0.8239414347570034,-1.5247482746728398,-0.7585725711692445
0.6069581877099504,-0.046919148733295446,-1.0714722265803487,0.9064113402357326,-0.4643363659513098,1.0212075038093573,1.0545698572665196,0.06689047334329655
1.0217666261653053,1.2686455678314448,0.5647907515703273,1.2765878039203133,0.522235770728738,0.8824745009096309,0.529962779583938,-0.38336209639081675
0.6069581877099504,1.059351181105236,1.3413223344214955,-0.6017149932940411,0.9807833835518587,-2.7523301750632,-2.297086472372196,0.2920167582103532
-0.9378456520548202,-1.6465262472836044,-0.9050726016836697,-0.6291354720854915,-0.4365456015377873,0.23042938728091697,0.44252826663684114,0.39207288481793395
0.5926544484528691,0.4464176199784821,-0.5861399872983685,1.05722397358871,0.1192696867326621,1.1738138069990562,1.3168733961078105,0.36705885316603876
-0.13683625365827254,0.16237523799291323,0.3429245850414221,-0.2726692477966359,0.31380503762731937,-0.3245026243179885,0.06364537719942107,0.3170307898622484
1.0789815831936302,1.1340991763645962,0.31519131422530894,1.1394854099630614,-0.08916104636875642,0.6188817954001508,-0.06750639222122433,-0.8961497452546681
-0.022406339601622877,0.027828846526064793,-0.14240765424055807,0.48139391896825096,0.4805496241084542,0.9240944017795488,1.258583720809746,0.7172552962925713
0.8501217550803308,0.700560803860307,0.03785860606417741,1.05722397358871,0.25822350880027445,0.9240944017795488,0.6611145490045834,-0.03316565326428418
-0.7948082594840081,0.14742563894104116,1.0085230846281377,-0.6976866690641176,1.1336325878262323,-0.6990817321472497,0.3696661725142603,1.1550008502007372
0.23506096702583887,-0.8093487003787698,-1.7232040907590076,0.5362348765511518,-1.0896285652555653,1.0073342035193846,0.7339766431271643,-0.283305969783236
1.2935376720498484,1.5377383507651416,1.2442558865650994,0.7830191856742057,0.5500265351422604,-1.0459142393965657,-2.3116588911967124,-1.0712479668179344
-0.4086072995428155,-0.6748023089119214,-0.47520690403391586,-0.012174699277856822,0.09147892231913964,0.5633885942402602,0.8651284125478096,0.5046360272514623
0.42100957736789457,0.8201575962752833,0.7311903764670061,0.3031608068238231,0.41107271307464804,-0.3245026243179885,-0.4755341193076767,-0.20826387482755046
-3.4982149790723565,-1.7063246434910928,0.7173237410589496,-2.6719611420485485,1.0919464412059485,-1.0181676388166203,0.529962779583938,1.492690277501322
-0.8806306950264954,-1.452181459609268,-0.9189392370917263,-0.6428457114812167,-0.478231748158071,0.4385288916305065,0.47167310428587345,0.5421570747293051
-0.4515185173140591,-1.1232902804680829,-0.47520690403391586,-1.2049655267059505,-1.186896240702894,-0.990421038236675,-1.5684655311463884,-0.6585164445616638
0.5640469699387067,0.7753087991196672,0.8559900951395154,-0.053305417465032465,-0.047474899748472715,-0.8933079362068667,-1.4081689240767106,-0.6960374920395066
0.4353133166249758,-0.8840966956381301,-1.9173369864717997,0.6047860735297779,-1.242477769529939,0.8686012006196583,0.704831805478132,-0.23327790647944566
-1.05227556611147,-1.0036934880531065,-0.0730744772002752,-1.0952836115401487,-0.033579517541711484,-0.49098222779766015,-0.1112236486947728,0.4546079639476719
0.34949088108248855,1.1938975725720844,1.230389251157043,0.17976865226229619,1.3420633209276507,-0.3245026243179885,0.5591076172329703,0.9924096444634184
0.42100957736789457,-0.7346007051194097,-1.8341371740234602,0.673337270508404,-1.2980592983569839,1.29867350960881,0.9234180878458742,-0.1707428273497077
0.16354227074043284,0.012879247474192746,0.051725241472233986,0.0015355401178683943,0.00810662907857222,0.036203183221300055,-0.052933973396708175,0.004355394213558593
-1.338350351253094,-2.334207803669719,-1.34880493474148,-1.1227040903315992,-1.006256272014998,0.0916963843811906,0.06364537719942107,0.35455183734009116
-1.538602700852231,-2.872393369537112,-1.681604184534838,-0.9307607387914463,-0.7561393922932957,0.6188817954001508,0.7776938996007127,0.7547763437704141
-1.8961961822792612,-1.0634918842605947,0.3290579496333655,-1.3831986388503783,0.6750849750031115,-0.4771089275076875,0.44252826663684114,1.1049727868969468
0.8787292335944933,1.2387463697277006,0.9530565429959114,0.7281782280913048,0.6333988283828278,-0.1718963211282895,-0.43181686283412823,-0.20826387482755046
0.6641731447382752,0.6407624076528188,-0.04534120638416204,0.9886727766100839,0.1609558333529458,0.8547279003296856,0.7485490619516804,-0.09570073239402214
0.9216404513657369,1.0892503792089803,0.6895904702428365,0.9612522978186334,0.14706045114618457,0.4385288916305065,-0.18408574281735357,-0.8836427294287205
1.0932853224507113,1.059351181105236,0.35679122044947864,1.180616128150237,0.022002011285333457,0.7714880985898498,-0.1403684863438051,-0.9211637769065633
0.3351871418254073,0.9995527848977479,1.1333228033006468,-0.053305417465032465,1.0780510589991874,-0.8933079362068667,-0.32980993106251516,0.5671711063812003
0.3065796633112449,1.1938975725720844,1.2719891573812125,0.23460960984519705,1.411540231961457,-0.3799958254778791,0.427955847812325,1.0674517394191039
0.7356918410236812,-0.48045752123758484,-1.4874712888220458,0.4539734401768005,-2.187363759589703,0.5772618945302329,-0.8544170087450967,-1.909218027156423
-1.0236680875973074,-1.1382398795199549,-0.04534120638416204,-1.80821606011786,-0.49212713036483224,-1.600846250995471,-1.4810310181992914,0.04187644169140137
-0.00810260034454167,0.34177042661537776,1.0501229908523073,-1.3969088782461037,0.5639219173490216,-2.9188097785428715,-2.4136658229683254,0.24198869490656286
0.6784768839953563,-1.1382398795199549,-3.4288002459499665,1.180616128150237,-1.6871300001462983,1.756492419177907,1.5791769349491012,0.04187644169140137
0.2922759240541637,1.01450238394962,1.2165226157489863,-0.2589590084009107,1.1336325878262323,-0.990421038236675,-0.1403684863438051,0.8298184387260997
-1.123794262396876,-1.0933910823643387,0.19039159555279975,-1.8767672570964862,-0.3253825438836974,-1.6285928515754164,-1.437313761725743,0.12942555247303453
-1.1524017409110383,-0.06186874778516749,1.0362563554442508,-1.4106191176418288,1.1336325878262323,-1.4066200469358543,-0.1403684863438051,1.1049727868969468
-3.483911239815275,-1.7212742425429648,0.703457105650893,-2.6582509026528234,1.0780510589991874,-1.0042943385266476,0.5153903607594219,1.4676762458494268
0.5640469699387067,0.9397543886902597,0.39839112667364834,1.1394854099630614,1.064155676792426,1.215433707868974,1.652039029071682,0.9048605336817852
0.9073367121086557,0.8351071953271554,0.31519131422530894,0.8241499038613813,-0.6866624812594895,0.29979588873078017,-0.9418515216921937,-1.8591899638526326
0.2493647062829201,-0.8093487003787698,-1.7232040907590076,0.549945115946877,-1.0896285652555653,1.03508080409933,0.7485490619516804,-0.283305969783236
-0.7089858239415209,0.012879247474192746,0.5786573869783839,-0.7662378660427437,0.8140387970707238,-0.7545749333071402,0.10736263367296954,0.8048044070742045
-0.4229110387998967,0.14742563894104116,0.6895904702428365,-0.5057433175239646,0.7723526504504401,-0.5880953298274686,0.06364537719942107,0.7172552962925713
0.6069581877099504,0.8949055915346436,0.5370574807542141,0.8789908614442822,0.8001434148639626,0.7159948974299593,0.9088456690213581,0.5046360272514623
0.42100957736789457,0.8201575962752833,0.9946564492200811,-0.1629873326308342,0.07758354011237839,-0.9765477379467025,-1.3790240864276784,-0.6710234603876114
0.09202357445502679,-1.5418790539205003,-2.6522686630987984,0.3031608068238231,-1.895560733247717,0.9518410023594941,0.5153903607594219,-0.44589717552055474
1.1934114972502798,0.41651842187473803,-1.2794717577011971,1.1531956493587865,-2.395794492691121,0.9657143026494668,-0.694120401675419,-2.9848213881879158
0.6212619269670315,-0.10671754494078363,-0.9328058724997829,0.5910758341340526,-1.311954680563745,0.7298681977199319,-0.3443823498870313,-1.2713602200330958
0.14923853148335162,-0.9588446908974904,-2.0560033405523654,0.5225246371554266,-1.2980592983569839,1.0073342035193846,0.8359835748987773,-0.13322177987186493
0.5926544484528691,1.1789479735202124,0.9946564492200811,0.6459167917169535,0.8835157081045301,0.00845658264135478,0.26765924074264724,0.24198869490656286
-0.723289563198602,-0.0020703515776793013,0.5647907515703273,-0.7799481054384689,0.8140387970707238,-0.7684482335971129,0.1219350524974857,0.8048044070742045
0.8644254943374121,1.2237967706758286,0.6618571994267233,1.249167325128863,1.0780510589991874,1.03508080409933,1.2731561396342619,0.6422132013368858
0.6069581877099504,-1.1531894785718269,-3.4288002459499665,1.180616128150237,-1.6871300001462983,1.7148725183079891,1.5791769349491012,0.04187644169140137
1.3078414113069294,0.9846031858458758,0.2874580434091958,1.1669058887545116,-0.5616040413986384,0.6050084951101782,-1.0292860346392907,-1.696598758115314
0.09202357445502679,0.9248047896383876,1.4799886885020612,-0.7113969084598428,1.175318734446516,-1.8644389565049513,-1.1895826417089683,0.8423254545520472
0.8358180158232497,0.9696535867940038,0.3706578558575352,1.1669058887545116,0.647294210589589,1.0073342035193846,1.0108526007929712,0.2795097423844056
0.8072105373090872,0.9696535867940038,0.4954575745300444,0.933831819027183,0.03589739349209469,0.4801487925004244,-0.18408574281735357,-0.9211637769065633
0.09202357445502679,0.5959136104972026,0.5647907515703273,0.49510415836397614,0.9668880013450974,0.5495152939502876,1.185721626687165,0.8423254545520472
-0.6660746061702773,0.012879247474192746,0.5925240223864404,-0.7388173872512932,0.8418295614842463,-0.7129550324372224,0.18022472779555032,0.7922973912482569
0.16354227074043284,0.9846031858458758,1.5077219593181743,-0.7525276266470184,1.2309002632735608,-1.9338054579548143,-1.0584308722883229,0.8048044070742045
0.6212619269670315,0.26702243135601755,-0.1285410188325015,0.2757403280323727,-0.7561393922932957,0.00845658264135478,-0.868989427569613,-1.0587409509919867
0.4639207951391382,0.8799559924827715,0.6341239286106102,0.74188846748703,0.8974110903112913,0.5633885942402602,0.8797008313723258,0.6046921538590431
1.5080937609060665,1.4629903555057813,0.3845244912655918,1.5919233100219934,-0.950674743187953,0.9379677020695214,-0.9272791028676776,-3.109891546447392
-0.8234157379981706,-1.511979855816756,-0.9050726016836697,-0.6428457114812167,-0.478231748158071,0.4246555913405339,0.427955847812325,0.2920167582103532
0.5068320129103818,0.8949055915346436,0.6341239286106102,0.7555987068827552,0.9807833835518587,0.5633885942402602,0.7922663184252289,0.5796781222071479
0.449617055882057,-0.24126393640763205,-1.0576055911722921,0.4539734401768005,-1.5064900314584024,0.4662754922104518,-0.35895476871154747,-1.3714163466406766
0.9788554083940617,1.1340991763645962,0.6202572932025535,1.05722397358871,0.07758354011237839,0.535641993660315,-0.1112236486947728,-0.958684824384406
-0.5516446921136275,-0.3160119316669923,0.10719178310446029,-0.4371921205453385,0.2721188910070357,-0.060909918808508406,0.3988110101632927,0.5046360272514623
0.8787292335944933,0.2819720304078896,-0.48907353944197246,0.9201215796314578,-0.5060225125715935,0.8547279003296856,0.26765924074264724,-0.5459533021281354
-2.4397382740483473,-1.8707702330616853,0.25972477259308263,-2.7268020996314495,0.2026419799732295,-1.6702127524453343,-0.6795479828509029,0.8548324703779948
-0.6803783454273584,0.35672002566724986,1.0362563554442508,-0.6839764296683923,1.2725864098938446,-0.8100681344670309,0.3113764972161957,1.1049727868969468
-1.123794262396876,-0.36086072882260845,0.5647907515703273,-1.5614317509948061,0.702875739416634,-1.5592263501255532,-0.5192513757812252,0.8673394862039424
1.336448889821092,1.0294519830014919,0.25972477259308263,1.180616128150237,-0.5893948058121609,0.6327550956901234,-0.9855687781657422,-1.7091057739412616
0.19214974925459524,1.1041999782608523,1.3967888760537217,-0.24524876900518547,1.3281679387208896,-0.990421038236675,-0.08207881104574048,1.004916660289366
0.449617055882057,-0.24126393640763205,-1.0576055911722921,0.4402632007810753,-1.5064900314584024,0.4662754922104518,-0.35895476871154747,-1.3589093308147289
0.9216404513657369,1.2237967706758286,0.6618571994267233,1.1531956493587865,0.5083403885219767,0.7021215971399867,0.41338342898780883,-0.3333340330870264
0.42100957736789457,1.2985447659351887,1.618655042582627,-0.7662378660427437,1.5365986718223081,-3.1407825831824336,-1.539320693497356,0.9548885969855756
-0.30848112474324707,0.730460001964051,1.4522554176859481,-1.6574034267648827,1.2864817921006058,-3.390501988401941,-1.5538931123218722,0.9548885969855756
0.5640469699387067,0.9846031858458758,0.9530565429959114,0.3031608068238231,0.4805496241084542,-0.3938691257678517,-0.4463892816586444,-0.14572879569781252
0.4067058381108134,-0.8990462946900022,-1.9312036218798563,0.5910758341340526,-1.2285823873231776,0.8963478011996036,0.704831805478132,-0.23327790647944566
0.3065796633112449,1.1789479735202124,1.258122521973156,0.22089937044947183,1.3976448497546956,-0.3799958254778791,0.427955847812325,1.0674517394191039
0.00620113891253954,-2.0202662235804056,-3.0682677253404953,0.5088143977597014,-1.5759669424922085,1.3541667107687005,1.2002940455116813,0.24198869490656286
0.07771983519794558,-1.5418790539205003,-2.638402027690742,0.28945056742809794,-1.895560733247717,0.9518410023594941,0.5153903607594219,-0.45840419134650234
-3.29796262947322,-2.5584517894477994,-0.01760793556804889,-1.986449172262288,0.6611895927963503,0.06394978380124533,0.9234180878458742,1.405141166719689
-1.538602700852231,-2.8574437704852405,-1.6677375491267814,-0.9444709781871715,-0.770034774500057,0.6050084951101782,0.7631214807761966,0.7422693279444665
0.42100957736789457,1.1639983744683404,1.0917228970764772,0.24831984924092226,1.2447956454803222,-0.3799958254778791,0.5153903607594219,0.8923535178558376
-0.780504520226927,0.012879247474192746,0.869856730547572,-0.6839764296683923,1.1058418234127099,-0.6297152306973866,0.2822316595671634,1.1424938343747895
-0.4086072995428155,-0.5701551155488171,-0.600006622706425,0.11121745528367012,-0.01968413533495025,0.7437414980099045,1.0108526007929712,0.6547202171628334
-0.12253251440119134,0.19227443609665731,0.31519131422530894,-0.2589590084009107,0.2860142732137969,-0.31062932402801585,0.09279021484845339,0.2920167582103532
0.34949088108248855,0.9846031858458758,0.9669231784039679,0.4539734401768005,1.300377174307367,0.18880948641099907,0.7631214807761966,0.8673394862039424
-0.58025217062779,-2.408955798929079,-2.3472026841215534,-0.47832283873251413,-1.8816653510409558,0.5911351948202055,0.07821779602393722,-0.2707989539572884
0.792906798052006,0.6706616057565629,0.01012533524806426,1.0160932554015343,0.1609558333529458,0.840854600039713,0.704831805478132,-0.09570073239402214
-0.43721477805697795,-0.6000543136525612,-0.5584067164822554,0.07008673709649448,0.022002011285333457,0.7021215971399867,0.9817077631439389,0.6797342488147285
0.3924020988537322,0.5062160161859703,0.3845244912655918,0.4265529613853501,0.49444500631521543,0.34141578960069807,0.4862455231103896,0.3045237740363008
0.6927806232524376,1.2237967706758286,0.869856730547572,1.0846444523801604,1.2447956454803222,0.8824745009096309,1.3168733961078105,0.8923535178558376
-1.3669578297672564,-0.5402559174450731,0.3845244912655918,-0.656555950876942,0.8835157081045301,0.10556968467116323,0.9088456690213581,1.0424377077672087
0.649869405481194,0.3268208275635057,-0.32267391454529354,0.7693089462784805,-0.38096407271074234,0.7159948974299593,0.2530868219181311,-0.5084322546502927
-1.3240466119960128,-0.6150039127044332,0.35679122044947864,-0.5742945145025906,0.8835157081045301,0.14718958554108116,0.8797008313723258,1.0299306919412612
0.5211357521674631,-0.6000543136525612,-1.5429378304542722,0.33058128561527356,-2.2151545240032253,0.45240219192047915,-0.7669824957979998,-1.8591899638526326
0.14923853148335162,0.9846031858458758,1.327455699013439,-0.20411805081800982,1.2864817921006058,-0.990421038236675,-0.19865816164186972,0.9673956128115232
0.4782245343962194,0.6407624076528188,0.5370574807542141,0.01524577951359361,-0.005788753128189014,-0.8655613356269214,-1.4664585993747752,-0.7085445078654542
0.32088340256832615,1.059351181105236,1.2719891573812125,-0.20411805081800982,1.1614233522397548,-1.0042943385266476,-0.15494090516832126,0.8173114229001521
-0.6517708669131961,0.29692162945976164,0.9669231784039679,-0.656555950876942,1.1892141166532773,-0.7823215338870855,0.2530868219181311,1.0424377077672087
-0.8949344342835766,-1.46713105866114,-0.9882724141320092,-0.5605842751068655,-0.5893948058121609,0.41078229105056124,0.5008179419349057,0.5546640905552527
-1.123794262396876,-0.4655079221857128,0.606390657794497,-1.5751419903905313,0.6750849750031115,-1.4482399478057721,-0.4172444440096121,0.7297623121185189
-0.03671007885870409,-0.43560872408196866,0.01012533524806426,-0.8896300206042707,-1.006256272014998,-1.2123938428762373,-2.078500190004454,-1.021219903514144
-0.8377194772552518,0.10257684178542503,0.9807898138120246,-0.6976866690641176,1.1475279700329934,-0.6713351315673044,0.3988110101632927,1.1550008502007372
-2.8831541910178644,-1.9455182283210455,0.31519131422530894,-2.2880744389682426,0.647294210589589,-0.8378147350469761,0.340521334865228,1.2425499609823702
-0.07962129662994771,-0.4954071202894569,-0.2394741020969541,-0.6017149932940411,-0.5893948058121609,-0.40774242605782435,-0.883561846394129,-0.35834806473892156
0.7356918410236812,-0.7943991013268978,-1.8480038094315168,0.8652806220485569,-1.2702685339434614,1.2709269090288648,0.8505559937232935,-0.3208270172610788
-0.6660746061702773,-1.2428870728830592,-0.6832064351547645,-0.5742945145025906,-0.49212713036483224,0.1610628858310538,0.15107989014651801,0.2544957107325104
0.00620113891253954,0.027828846526064793,0.13492505392057344,0.05637649770076925,0.06368815790561716,0.06394978380124533,0.04907295837490491,0.1544395841249297
0.22075722776875767,-0.36086072882260845,-0.4613402686258593,0.0015355401178683943,-0.8256163033271019,0.11944298496113588,-0.5483962134302575,-0.6084883812578734
1.3078414113069294,1.6124863460245018,1.2997224281973259,0.8515703826528317,0.5361311529354992,-0.9349278370767845,-2.2533692158986476,-1.0962619984698294
0.7499955802807624,0.6407624076528188,0.06559187688029056,0.9749625372143587,0.2026419799732295,0.7992346991697951,0.6756869678290996,-0.05817968491617937
0.6212619269670315,0.26702243135601755,-0.1285410188325015,0.2757403280323727,-0.7561393922932957,-0.005416717648617856,-0.868989427569613,-1.0587409509919867
0.02050487816962075,0.8201575962752833,1.063989626260364,-0.2863794871923611,1.0919464412059485,-0.9210545367868119,-0.18408574281735357,0.9048605336817852
-0.32278486400032824,0.730460001964051,1.4522554176859481,-1.6574034267648827,1.2725864098938446,-3.3766286881119685,-1.5684655311463884,0.9548885969855756
-0.5516446921136275,-0.9289454927937463,-0.5029401748500291,-0.656555950876942,-0.5477086591918772,-0.11640311996839896,-0.15494090516832126,0.05438345751734896
-0.00810260034454167,0.6706616057565629,0.9530565429959114,-0.6839764296683923,0.8418295614842463,-1.8505656562149786,-0.9855687781657422,0.6171991696849906
0.7499955802807624,0.745409601015923,0.6202572932025535,0.04266625830504404,0.022002011285333457,-0.9071812364968392,-1.4810310181992914,-0.6585164445616638
1.0217666261653053,1.1340991763645962,0.2735914080011392,1.4136901978775656,0.5778172995557829,1.2570536087388922,1.2002940455116813,0.1669465999508773
0.19214974925459524,0.8201575962752833,1.0223897200361942,-0.5742945145025906,0.8835157081045301,-1.947678758244787,-1.0438584534638067,0.4546079639476719
0.8787292335944933,-0.5851047146006891,-2.7354684755471377,0.9886727766100839,-2.6875975190331074,1.2709269090288648,0.2822316595671634,-1.7466268214191043
-0.8663269557694142,-0.3758103278744805,0.606390657794497,-1.2598064842888514,0.5361311529354992,-1.184647242296292,-0.5192513757812252,0.6422132013368858
-0.3513923425144907,0.4464176199784821,0.9114566367717416,-0.09443613565220811,1.2864817921006058,-0.13027642025837158,0.7922663184252289,1.2050289135045273
0.8215142765661685,-0.22631433735576,-1.0021390495400657,0.6184963129255031,-1.3536408271840288,0.6327550956901234,-0.4172444440096121,-1.1212760301217246
0.792906798052006,0.9696535867940038,0.703457105650893,0.48139391896825096,0.3971773308678868,-0.2551361228681253,-0.49010653813219285,-0.24578492230539326
0.03480861742670196,-1.5568286529723723,-2.6522686630987984,0.3031608068238231,-1.9650376442815232,0.9657143026494668,0.5153903607594219,-0.4709112071724499
0.7786030587949249,-0.12166714399265569,-1.0714722265803487,0.6047860735297779,-1.47869926704488,0.5772618945302329,-0.25694783693993434,-1.1963181250774102
0.3351871418254073,0.9995527848977479,1.1471894387087034,-0.03959517806930725,1.0919464412059485,-0.8933079362068667,-0.32980993106251516,0.5921851380330955
-0.6803783454273584,-1.2578366719349312,-0.6970730705628211,-0.5742945145025906,-0.478231748158071,0.18880948641099907,0.20936956544458263,0.2920167582103532
0.106327313712108,0.5959136104972026,0.5370574807542141,0.5225246371554266,0.939097236931575,0.5772618945302329,1.2002940455116813,0.8173114229001521
1.0217666261653053,0.8799559924827715,0.07945851228834713,1.0023830160058091,-0.6171855702256833,0.5217686933703424,-0.8252721710960644,-1.82166891637479
0.649869405481194,0.6856112048084348,0.5370574807542141,0.028956018909318825,0.00810662907857222,-0.8933079362068667,-1.4956034370238076,-0.6960374920395066
1.1791077579931986,1.1041999782608523,0.4815909391219878,1.194326367545962,0.1192696867326621,0.7714880985898498,-0.19865816164186972,-0.8461216819508777
0.3351871418254073,1.1490487754164684,1.2026559803409298,0.15234817347084575,1.3281679387208896,-0.31062932402801585,0.5736800360574865,0.9924096444634184
0.6927806232524376,0.6108632095490747,0.12105841851251686,0.6047860735297779,-0.21421948622960754,0.25817598786086227,-0.21323058046638588,-0.6710234603876114
0.6784768839953563,0.34177042661537776,-0.33654054995335014,0.8104396644656561,-0.39485945491750357,0.7437414980099045,0.26765924074264724,-0.5209392704762402
-1.3097428727389318,-0.5402559174450731,0.2874580434091958,-0.656555950876942,0.8557249436910075,0.17493618612102643,0.9234180878458742,1.0674517394191039
0.9359441906228181,1.313494364987061,0.9946564492200811,0.7830191856742057,0.702875739416634,-0.15802302083831687,-0.4172444440096121,-0.20826387482755046
0.106327313712108,0.8799559924827715,0.7450570118750628,0.8241499038613813,1.3976448497546956,0.9518410023594941,1.652039029071682,1.1800148818526321
0.3924020988537322,0.5062160161859703,0.3706578558575352,0.4265529613853501,0.49444500631521543,0.34141578960069807,0.4862455231103896,0.3045237740363008
0.2636684455400013,0.9547039877421317,1.3829222406456652,-0.7936583448341941,1.0919464412059485,-1.9754253588247324,-1.0001411969902583,0.667227232988781
0.5497432306816254,0.9547039877421317,0.6757238348347798,0.7555987068827552,0.9807833835518587,0.535641993660315,0.7631214807761966,0.5546640905552527
0.5640469699387067,1.358343162142677,1.2165226157489863,0.6459167917169535,1.4810171429952632,0.022329882931327417,0.719404224302648,0.9173675495077328
1.3221451505640107,0.46136721903035416,-2.069869975960422,1.5370823524390924,-2.506957550345211,1.4790264133784543,0.47167310428587345,-2.4470197076721694
1.0360703654223866,1.6124863460245018,1.0362563554442508,1.4274004372732907,1.2725864098938446,0.9795876029394394,1.2002940455116813,0.4796219955995671
-0.7948082594840081,0.14742563894104116,1.0223897200361942,-0.6976866690641176,1.1336325878262323,-0.7129550324372224,0.35509375368974416,1.1424938343747895
-2.0535373141071545,-1.4073326624536517,0.41225776208170495,-1.3969088782461037,0.7445618860369176,-0.3245026243179885,0.5882524548820027,1.2300429451564225
-1.5242989615951499,-2.8424941714333682,-1.6538709137187249,-0.9718914569786219,-0.7978255389135794,0.5772618945302329,0.7485490619516804,0.7297623121185189
1.0503741046794677,0.8949055915346436,0.06559187688029056,1.0023830160058091,-0.6310809524324446,0.535641993660315,-0.8106997522715482,-1.82166891637479
1.0360703654223866,0.7155104029121789,-0.5306734456661422,1.2765878039203133,-0.5060225125715935,1.2015604075790016,0.7339766431271643,-0.7335585395173494
0.32088340256832615,0.6407624076528188,0.6202572932025535,-0.053305417465032465,-0.047474899748472715,-0.8516880353369487,-1.3790240864276784,-0.7335585395173494
-1.9820186178217485,-1.4073326624536517,0.30132467881725233,-1.4380395964332793,0.7862480326572013,-0.24126282257815268,0.6756869678290996,1.3801271350677937
-1.3097428727389318,-0.555205516496945,0.2735914080011392,-0.6428457114812167,0.8418295614842463,0.18880948641099907,0.9234180878458742,1.0424377077672087
-1.2525279157106068,-0.43560872408196866,0.3845244912655918,-0.6291354720854915,0.8696203258977688,-0.047036618518535765,0.7922663184252289,1.0799587552450516
0.6069581877099504,0.7155104029121789,0.5786573869783839,0.0015355401178683943,0.03589739349209469,-0.9071812364968392,-1.4518861805502592,-0.6710234603876114
0.449617055882057,1.1789479735202124,1.1055895324845337,0.28945056742809794,1.2586910276870833,-0.3799958254778791,0.5008179419349057,0.87984650202989
0.3351871418254073,1.074300780157108,1.2719891573812125,-0.1904078114222846,1.1614233522397548,-1.0042943385266476,-0.15494090516832126,0.8173114229001521
-0.6660746061702773,0.3118712285116337,1.0085230846281377,-0.6702661902726672,1.2309002632735608,-0.7961948341770582,0.2822316595671634,1.0674517394191039
0.5783507091957879,1.5078391526613975,1.3413223344214955,0.8789908614442822,1.7311340227169654,0.4801487925004244,1.3751630714058751,1.3300990717640033
-2.7830280162182963,-1.9156190302173013,0.19039159555279975,-2.2880744389682426,0.5083403885219767,-0.8516880353369487,0.20936956544458263,1.1049727868969468
0.6927806232524376,1.2088471716239566,0.8421234597314587,1.0709342129844353,1.2309002632735608,0.8547279003296856,1.287728558458778,0.8423254545520472
-3.8128972427281433,-1.8857198321135573,0.6757238348347798,-2.1509720450109904,1.3420633209276507,-0.10252981967842631,1.258583720809746,1.6677884990645884
-0.23696242845784102,-1.0634918842605947,-0.405873726993633,-1.108993850935874,-1.131314711875849,-0.9349278370767845,-1.5976103687954206,-0.6960374920395066
0.9073367121086557,-0.7495503041712817,-2.8325349234035335,1.1531956493587865,-1.9928284086950456,1.5206463142483722,0.9671353443194227,-0.7085445078654542
-2.082144792621317,-0.6748023089119214,1.0085230846281377,-2.7816430572143505,0.9668880013450974,-2.6552170730333917,-0.883561846394129,1.129986818548842
-3.4982149790723565,-1.7212742425429648,0.7173237410589496,-2.6719611420485485,1.0919464412059485,-1.0042943385266476,0.529962779583938,1.4801832616753745
0.7499955802807624,0.6258128086009467,0.06559187688029056,0.9612522978186334,0.2026419799732295,0.7992346991697951,0.6756869678290996,-0.05817968491617937
0.792906798052006,1.313494364987061,0.9530565429959114,0.9201215796314578,1.0502602945856647,0.4385288916305065,0.6611145490045834,0.4796219955995671
-0.051013818115785294,-0.0319695496814234,0.051725241472233986,-0.012174699277856822,-0.047474899748472715,0.05007648351127269,-0.08207881104574048,0.05438345751734896
0.4782245343962194,-1.0036934880531065,-1.7925372677992906,0.6047860735297779,-1.1730008584961327,0.9795876029394394,0.6902593866536157,-0.23327790647944566
0.993159147651143,0.8650063934308995,0.2181248663689129,0.8789908614442822,-0.7978255389135794,0.34141578960069807,-0.868989427569613,-1.8967110113304755
-2.2537896637062915,-2.6481493837590317,-0.7248063413789342,-2.013869651053738,-0.4365456015377873,-0.40774242605782435,-0.023789135747675865,0.7422693279444665
-1.3240466119960128,-0.6150039127044332,0.3290579496333655,-0.5605842751068655,0.8696203258977688,0.1610628858310538,0.8651284125478096,1.004916660289366
0.4639207951391382,-1.0186430871049785,-1.8341371740234602,0.6184963129255031,-1.1591054762893716,1.03508080409933,0.719404224302648,-0.20826387482755046
0.4639207951391382,0.7902583981715392,0.9253232721797983,-0.0807258962564829,0.00810662907857222,-0.9210545367868119,-1.4227413429012268,-0.7085445078654542
-2.0678410533642357,-0.6897519079637935,1.0085230846281377,-2.767932817818625,0.9529926191383362,-2.641343772743419,-0.883561846394129,1.1174798027228943
1.3650563683352543,1.044401582053364,0.24585813718502603,1.180616128150237,-0.6032901880189221,0.646628395980096,-0.9564239405167099,-1.721612789767209
0.22075722776875767,0.9098551905865155,1.0085230846281377,-0.149277093235109,1.0224695301721423,-1.0181676388166203,-0.19865816164186972,0.6422132013368858
0.7213881017666,0.23712323325227347,-0.4474736332178027,0.8789908614442822,-0.478231748158071,0.9240944017795488,0.23851440309361494,-0.5709673337800306
-0.8663269557694142,-1.437231860557396,-0.9328058724997829,-0.6291354720854915,-0.5060225125715935,0.45240219192047915,0.4862455231103896,0.5296500589033575
0.106327313712108,-0.3758103278744805,-0.11467438342444491,-0.7799481054384689,-1.0201516542217592,-1.184647242296292,-2.107645027653486,-1.0712479668179344
-1.1667054801681196,-0.017019950629551348,1.063989626260364,-1.424329357037554,1.175318734446516,-1.4343666475157995,-0.09665122987025665,1.1424938343747895
0.7070843625095188,0.2221736342004014,-0.4474736332178027,0.8652806220485569,-0.4643363659513098,0.9102211014895761,0.22394198426909878,-0.5709673337800306
0.00620113891253954,-0.5851047146006891,-0.14240765424055807,-0.6291354720854915,-0.658871716845967,-0.4771089275076875,-0.8106997522715482,-0.37085508056486916
0.5354394914245443,-0.19641513925201592,-1.0437389557642354,0.4676836795725257,-1.4648038848381186,0.4662754922104518,-0.2715202557644505,-1.1963181250774102
-1.7960700074796927,-2.154812615047254,-0.4613402686258593,-2.2195232419896165,-0.6727670990527282,-1.184647242296292,-0.9855687781657422,0.2920167582103532
0.14923853148335162,-0.9588446908974904,-2.0560033405523654,0.5225246371554266,-1.311954680563745,0.993460903229412,0.8359835748987773,-0.14572879569781252
0.07771983519794558,0.012879247474192746,-0.01760793556804889,-0.012174699277856822,-0.005788753128189014,0.036203183221300055,-0.06750639222122433,0.004355394213558593
0.7213881017666,0.2221736342004014,-0.4474736332178027,0.8652806220485569,-0.478231748158071,0.9102211014895761,0.22394198426909878,-0.5709673337800306
0.4353133166249758,0.8201575962752833,0.7173237410589496,0.31687104621954837,0.3971773308678868,-0.3245026243179885,-0.4755341193076767,-0.22077089065349806
0.22075722776875767,0.9098551905865155,1.0085230846281377,-0.13556685383938377,1.0363649123789036,-1.0181676388166203,-0.19865816164186972,0.6297061855109382
-2.1822709674208856,-1.3774334643499078,0.39839112667364834,-1.424329357037554,0.7862480326572013,-0.3245026243179885,0.5591076172329703,1.1174798027228943
-2.225182185192129,-0.0319695496814234,1.3967888760537217,-2.7268020996314495,1.592180200649353,-2.710710274193282,-0.08207881104574048,1.5427183408051124
-2.9260654087891083,-1.2727862709868034,0.8421234597314587,-2.959876169358778,0.9807833835518587,-1.9754253588247324,-0.16951332399283742,1.3050850401121081
0.3637946203395698,-0.6598527098600494,-1.8480038094315168,0.5773655947383275,-1.3814315915975512,1.0212075038093573,0.7631214807761966,-0.24578492230539326
-1.0379718268543887,-0.9887438890012344,-0.08694111260833176,-1.108993850935874,-0.033579517541711484,-0.49098222779766015,-0.1112236486947728,0.4421009481217243
0.3637946203395698,-1.3923830634017798,-2.4581357673860063,0.24831984924092226,-2.5764344613790175,0.7576147982998772,-0.3880996063605798,-1.4464584415963622
0.6641731447382752,-0.06186874778516749,-0.7802728830111605,0.6322065523212282,-1.0757331830488042,0.6188817954001508,-0.22780299929090203,-1.0337269193400915
0.5211357521674631,0.9248047896383876,0.41225776208170495,1.0983546917758855,1.0780510589991874,1.187687107289029,1.652039029071682,0.9298745653336804
-0.29417738548616584,-0.22631433735576,-0.1285410188325015,-0.17669757202655942,0.04979277569885592,0.1610628858310538,0.340521334865228,0.32953780568819596
0.2493647062829201,-1.482080657713012,-2.6106687568746283,0.4265529613853501,-1.9511422620747618,1.146067206419111,0.6028248737065188,-0.43339015969460715
0.4353133166249758,1.059351181105236,1.1471894387087034,-0.13556685383938377,1.0780510589991874,-0.9626744376567298,-0.12579606751928896,0.7047482804666237
-0.23696242845784102,-1.9156190302173013,-1.9450702572879128,-0.5880047538983159,-2.201259141796464,0.1610628858310538,-0.8106997522715482,-0.958684824384406
1.3078414113069294,0.9846031858458758,0.2874580434091958,1.1120649311716109,-0.6866624812594895,0.49402209279039705,-0.9855687781657422,-1.721612789767209
-0.30848112474324707,-0.6748023089119214,-0.21174083128084095,-0.6291354720854915,-0.7422440100865345,-0.5048555280876328,-0.9127066840431614,-0.35834806473892156
0.8215142765661685,1.2387463697277006,0.9253232721797983,0.74188846748703,0.8974110903112913,0.06394978380124533,0.2822316595671634,0.267002726558458
0.4067058381108134,-0.09176794588891159,-1.0714722265803487,0.8241499038613813,-0.45044098374454855,1.03508080409933,1.1274319513891005,0.19196063160277246
0.00620113891253954,0.04277844557793684,-0.15627428964861464,0.5088143977597014,0.46665424190169297,0.9518410023594941,1.258583720809746,0.7047482804666237
0.7499955802807624,0.2819720304078896,-0.47520690403391586,0.9064113402357326,-0.5060225125715935,0.9518410023594941,0.2822316595671634,-0.5959813654319258
0.7786030587949249,1.5676375488688856,1.258122521973156,0.9749625372143587,1.6060755828561142,0.4246555913405339,1.2294388831607135,1.1174798027228943
-0.8520232165123329,-1.796022237802325,-1.0576055911722921,-1.232386005497401,-1.2841639161502225,-0.4354890266377696,-0.883561846394129,-0.2582919381313408
-0.00810260034454167,0.07267764368168093,-0.21174083128084095,0.5636553553426022,0.3832819486611256,0.8824745009096309,1.2440113019852297,0.7422693279444665
-0.3513923425144907,-0.6150039127044332,-0.5029401748500291,0.05637649770076925,0.03589739349209469,0.7298681977199319,0.9379905066703904,0.4671149797736195
-0.8234157379981706,-1.526929454868628,-0.9050726016836697,-0.6428457114812167,-0.478231748158071,0.41078229105056124,0.427955847812325,0.2920167582103532
0.3924020988537322,-0.09176794588891159,-1.0853388619884052,0.8241499038613813,-0.4365456015377873,1.0628274046792752,1.1565767890381327,0.21697466325466766
1.0503741046794677,0.9098551905865155,0.051725241472233986,1.0160932554015343,-0.6449763346392058,0.535641993660315,-0.7961273334470321,-1.8341759322007374
1.3650563683352543,1.044401582053364,0.23199150177696948,1.180616128150237,-0.6032901880189221,0.6605016962700687,-0.9564239405167099,-1.721612789767209
-0.8377194772552518,-1.437231860557396,-0.8912059662756131,-0.656555950876942,-0.49212713036483224,0.45240219192047915,0.44252826663684114,0.36705885316603876
-2.225182185192129,-2.6780485818627757,-0.7802728830111605,-2.0275798904494633,-0.4643363659513098,-0.4354890266377696,-0.052933973396708175,0.7422693279444665
-0.7518970417127645,-0.0020703515776793013,0.7589236472831193,-0.6976866690641176,1.0085741479653811,-0.6990817321472497,0.16565230897103417,1.0674517394191039
0.8501217550803308,0.35672002566724986,0.09332514769640371,0.1934788916580214,-1.2980592983569839,-0.5880953298274686,-2.4136658229683254,-2.221893422805113
-2.8116354947324584,-1.9754174264247895,0.20425823096085632,-2.2469437207810667,0.5778172995557829,-0.7129550324372224,0.3696661725142603,1.280071008460213
0.5354394914245443,0.8201575962752833,0.897590001363685,-0.0807258962564829,-0.005788753128189014,-0.9210545367868119,-1.3644516676031622,-0.6710234603876114
1.064677843936549,1.0294519830014919,0.3845244912655918,1.1531956493587865,0.03589739349209469,0.7576147982998772,-0.16951332399283742,-0.8961497452546681
-0.00810260034454167,-2.035215822632278,-3.0544010899324388,0.49510415836397614,-1.5620715602854474,1.3541667107687005,1.185721626687165,0.2544957107325104
1.3793601075923356,1.0294519830014919,-0.3642738207694633,1.4136901978775656,-1.7566069111801046,0.9240944017795488,-0.9564239405167099,-3.2224546888809202
0.5211357521674631,0.23712323325227347,0.3706578558575352,-0.4920330781282394,-0.7839301567068182,-1.4204933472258268,-2.7196866182831645,-1.3714163466406766
-1.1810092194252009,-0.4505583231338407,0.6757238348347798,-1.49288055401618,0.7584572682436789,-1.4759865483857173,-0.5338237946057414,1.0299306919412612
-0.780504520226927,0.16237523799291323,1.0362563554442508,-0.7113969084598428,1.1336325878262323,-0.7129550324372224,0.35509375368974416,1.1424938343747895
0.42100957736789457,-0.8990462946900022,-1.9312036218798563,0.5910758341340526,-1.2285823873231776,0.8824745009096309,0.704831805478132,-0.23327790647944566
-1.123794262396876,-0.4505583231338407,0.606390657794497,-1.5888522297862566,0.6611895927963503,-1.4482399478057721,-0.4172444440096121,0.7172552962925713
-0.36569608177157187,0.41651842187473803,0.9114566367717416,-0.09443613565220811,1.2864817921006058,-0.11640311996839896,0.806838737249745,1.2050289135045273
0.8215142765661685,0.9846031858458758,0.4815909391219878,0.9475420584229083,0.022002011285333457,0.49402209279039705,-0.15494090516832126,-0.9336707927325109
-1.0808830446256323,-0.3459111297707364,0.509324209938101,-1.5614317509948061,0.5917126817625441,-1.5592263501255532,-0.5483962134302575,0.667227232988781
1.3793601075923356,1.059351181105236,0.23199150177696948,1.194326367545962,-0.6171855702256833,0.6605016962700687,-0.9418515216921937,-1.7341198055931568
-1.6530326149088808,-1.198038275727443,0.4954575745300444,-2.562279226882747,0.17485121555970703,-2.322257866074048,-1.5101758558483238,0.5421570747293051
-0.022406339601622877,0.057728044629808885,-0.1840075604647278,0.549945115946877,0.3971773308678868,0.8686012006196583,1.2440113019852297,0.7547763437704141
0.20645348851167647,1.1041999782608523,1.3967888760537217,-0.23153852960946025,1.3420633209276507,-0.990421038236675,-0.08207881104574048,0.9924096444634184
0.5640469699387067,1.5078391526613975,1.3413223344214955,0.8789908614442822,1.7311340227169654,0.4801487925004244,1.3751630714058751,1.3300990717640033
0.2493647062829201,-0.8840966956381301,-1.9866701635120825,0.5362348765511518,-1.2007916229096551,0.9518410023594941,0.7922663184252289,-0.1957568590016029
1.350752629078173,1.2536959687795728,0.4954575745300444,1.180616128150237,-0.8673024499473856,0.29979588873078017,-1.7724793946896145,-2.7722021191468067
-0.5516446921136275,-0.3160119316669923,0.10719178310446029,-0.4371921205453385,0.2721188910070357,-0.047036618518535765,0.3988110101632927,0.5046360272514623
-2.797331755475377,-1.9305686292691735,0.19039159555279975,-2.2880744389682426,0.5083403885219767,-0.8516880353369487,0.20936956544458263,1.1049727868969468
-0.46582225657114035,-0.6748023089119214,-0.5029401748500291,0.0015355401178683943,0.07758354011237839,0.5495152939502876,0.8797008313723258,0.5296500589033575
0.03480861742670196,-0.6000543136525612,-0.1840075604647278,-0.9581812175828966,-1.2563731517367,-1.337253545485991,-2.442810660617358,-1.233839172555253
0.106327313712108,0.41651842187473803,0.6618571994267233,-0.2589590084009107,0.647294210589589,-0.6158419304074139,-0.3735271875360636,0.3170307898622484
1.350752629078173,1.044401582053364,0.24585813718502603,1.180616128150237,-0.6032901880189221,0.646628395980096,-0.9564239405167099,-1.721612789767209
0.8787292335944933,0.3118712285116337,-0.48907353944197246,0.9886727766100839,-0.5060225125715935,0.9518410023594941,0.3113764972161957,-0.5959813654319258
-0.2798736462290846,0.46136721903035416,0.7589236472831193,-0.10814637504793333,1.1336325878262323,-0.18576962141826214,0.7339766431271643,0.9924096444634184
-0.26556990697200344,-1.0784414833124667,-0.43360699780974615,-1.108993850935874,-1.1591054762893716,-0.9488011373667572,-1.6121827876199368,-0.7210515236914018
-0.3513923425144907,0.4464176199784821,0.7866569180992324,-0.12185661444365854,1.175318734446516,-0.1718963211282895,0.7339766431271643,1.0549447235931564
0.8501217550803308,0.5062160161859703,-0.43360699780974615,1.1669058887545116,0.1609558333529458,1.2293070081589468,1.2148664643361973,0.2795097423844056
-3.4982149790723565,-1.7362238415948368,0.6757238348347798,-2.7405123390271746,1.0780510589991874,-1.0597875396865382,0.5445351984084542,1.5177043091532172
0.649869405481194,-0.09176794588891159,-0.9466725079078394,0.6047860735297779,-1.3258500627705063,0.7437414980099045,-0.32980993106251516,-1.2838672358590435
-1.338350351253094,-0.555205516496945,0.35679122044947864,-0.6428457114812167,0.8557249436910075,0.14718958554108116,0.9088456690213581,1.0299306919412612
-0.5945559098848712,0.057728044629808885,0.45385766830587465,0.028956018909318825,1.0224695301721423,0.5495152939502876,1.2002940455116813,1.1049727868969468
1.0217666261653053,1.2686455678314448,0.5786573869783839,1.2765878039203133,0.522235770728738,0.8686012006196583,0.5153903607594219,-0.37085508056486916
0.6355656662241127,0.6706616057565629,-0.04534120638416204,1.1120649311716109,0.5917126817625441,1.215433707868974,1.4188803278794235,0.5296500589033575
-0.5087334743423839,-0.6449031108081773,-0.43360699780974615,0.028956018909318825,0.13316506893942334,0.5911351948202055,0.9379905066703904,0.7422693279444665
1.4365750646206603,1.313494364987061,0.06559187688029056,1.633054028209169,-0.6171855702256833,1.2848002093188373,-0.08207881104574048,-2.059302217067794
-1.195312958682282,-2.2893590065141027,-1.3765382055575932,-1.1227040903315992,-1.0479424186352817,0.1333162852511085,0.019928120725872602,0.3170307898622484
-0.051013818115785294,-0.40570952597822457,-0.1285410188325015,-0.38235116296243765,-0.45044098374454855,-0.2967560237380432,-0.6212583075528383,-0.2582919381313408
-0.4086072995428155,-0.5701551155488171,-0.5861399872983685,0.04266625830504404,0.00810662907857222,0.7576147982998772,0.9525629254949066,0.4921290114255147
0.5497432306816254,-0.19641513925201592,-1.0437389557642354,0.48139391896825096,-1.4648038848381186,0.4662754922104518,-0.2715202557644505,-1.1963181250774102
-2.0535373141071545,-1.4222822615055237,0.4261243974897615,-1.3831986388503783,0.7445618860369176,-0.3245026243179885,0.5882524548820027,1.217535929330475
-1.2096166979393632,-0.4206591250300966,0.3429245850414221,-0.6154252326897663,0.8001434148639626,-0.060909918808508406,0.7339766431271643,1.0299306919412612
0.9073367121086557,1.2237967706758286,0.6757238348347798,1.1531956493587865,0.5083403885219767,0.7021215971399867,0.3988110101632927,-0.3333340330870264
-0.051013818115785294,-0.40570952597822457,-0.1285410188325015,-0.39606140235816284,-0.45044098374454855,-0.2967560237380432,-0.6212583075528383,-0.2707989539572884
0.3065796633112449,-0.1665159411482718,-0.5306734456661422,0.4402632007810753,-0.3253825438836974,0.4801487925004244,0.3113764972161957,-0.14572879569781252
1.3221451505640107,1.6124863460245018,1.2997224281973259,0.8515703826528317,0.5361311529354992,-0.9349278370767845,-2.2533692158986476,-1.0962619984698294
-0.923541912797739,-1.0784414833124667,-0.0037413001599923153,-1.80821606011786,-0.5199178947783547,-1.600846250995471,-1.5247482746728398,-0.12071476404591733
0.42100957736789457,0.17732483704478527,-0.17014092505667122,0.4539734401768005,-0.22811486843636877,0.41078229105056124,0.07821779602393722,-0.2707989539572884
-0.022406339601622877,-0.6150039127044332,-0.19787419587278438,-0.656555950876942,-0.6449763346392058,-0.49098222779766015,-0.8252721710960644,-0.35834806473892156
0.9216404513657369,0.9547039877421317,0.8421234597314587,0.13863793407512054,-0.2003241040228463,-1.378873446355909,-2.7196866182831645,-1.3714163466406766
0.5211357521674631,0.7155104029121789,0.8005235535072891,-0.012174699277856822,-0.06137028195523395,-0.8378147350469761,-1.5101758558483238,-0.7585725711692445
-1.338350351253094,-0.6000543136525612,0.3706578558575352,-0.5880047538983159,0.8974110903112913,0.11944298496113588,0.8797008313723258,1.0424377077672087
0.5497432306816254,-0.19641513925201592,-1.0437389557642354,0.48139391896825096,-1.4648038848381186,0.4662754922104518,-0.25694783693993434,-1.1963181250774102
-0.00810260034454167,0.6856112048084348,0.9669231784039679,-0.6839764296683923,0.8418295614842463,-1.8505656562149786,-1.0001411969902583,0.6171991696849906
0.6212619269670315,-0.12166714399265569,-0.7525396121950474,0.5773655947383275,-1.0618378008420428,0.5633885942402602,-0.2715202557644505,-0.9962058718622487
0.9216404513657369,1.1789479735202124,0.9391899075878548,0.49510415836397614,0.3971773308678868,-0.5880953298274686,-1.14586538523542,-0.5709673337800306
1.0217666261653053,0.8650063934308995,0.09332514769640371,0.9886727766100839,-0.6032901880189221,0.5217686933703424,-0.8398445899205805,-1.8091619005488422
-0.46582225657114035,-0.6150039127044332,-0.5445400810741987,0.05637649770076925,0.03589739349209469,0.688248296850014,0.9671353443194227,0.6922412646406761
-0.780504520226927,0.027828846526064793,0.5370574807542141,-0.053305417465032465,1.119737205619471,0.41078229105056124,1.2294388831607135,1.1424938343747895
1.2077152365073611,1.358343162142677,0.6618571994267233,1.37255947969039,0.5500265351422604,0.8824745009096309,0.427955847812325,-0.2958129856091836
0.1206310529691892,0.8799559924827715,0.7311903764670061,0.8378601432571066,1.3698540853411731,0.9657143026494668,1.652039029071682,1.1675078660266847
1.064677843936549,0.9397543886902597,0.30132467881725233,0.9201215796314578,-0.7561393922932957,0.32754248931072544,-0.8106997522715482,-1.8091619005488422
-2.7830280162182963,-1.9305686292691735,0.19039159555279975,-2.2880744389682426,0.5083403885219767,-0.8516880353369487,0.22394198426909878,1.1049727868969468
0.9645516691369805,1.2536959687795728,0.6479905640186667,1.2080366069416872,0.49444500631521543,0.7576147982998772,0.4571006854613573,-0.35834806473892156
0.16354227074043284,-0.9438950918456183,-1.1685386744367445,-0.341220444775262,-1.8677699688341944,-0.10252981967842631,-1.33530682995413,-1.3714163466406766
-0.00810260034454167,0.04277844557793684,-0.14240765424055807,0.49510415836397614,0.4805496241084542,0.9379677020695214,1.258583720809746,0.7047482804666237
0.7213881017666,-0.10671754494078363,-1.0298723203561788,1.0023830160058091,-0.4365456015377873,1.2709269090288648,1.1274319513891005,0.06689047334329655
0.5640469699387067,0.29692162945976164,-0.4613402686258593,0.7967294250699308,-0.49212713036483224,0.7853613988798225,0.38423859133877647,-0.5084322546502927
-1.2239204371964445,-0.43560872408196866,0.3706578558575352,-0.6291354720854915,0.8418295614842463,-0.060909918808508406,0.7631214807761966,1.0674517394191039
-0.3799998210286531,-0.6449031108081773,-0.5029401748500291,0.0015355401178683943,0.04979277569885592,0.5772618945302329,0.8797008313723258,0.4796219955995671
1.3221451505640107,0.4464176199784821,-2.069869975960422,1.5233721130433673,-2.5208529325519726,1.4651531130884816,0.4571006854613573,-2.4470197076721694
1.4937900216489852,1.4629903555057813,0.3845244912655918,1.5919233100219934,-0.950674743187953,0.9379677020695214,-0.9418515216921937,-3.0973845306214445
0.32088340256832615,-0.15156634209639977,-0.5306734456661422,0.4539734401768005,-0.3114871616769362,0.4662754922104518,0.2822316595671634,-0.1582358115237601
-0.4229110387998967,0.35672002566724986,0.7450570118750628,-0.12185661444365854,1.175318734446516,-0.13027642025837158,0.7776938996007127,1.0799587552450516
0.06341609594086438,0.8799559924827715,0.8143901889153456,0.7830191856742057,1.4532263785817408,0.9102211014895761,1.652039029071682,1.2300429451564225
-0.4515185173140591,-1.1232902804680829,-0.47520690403391586,-1.2049655267059505,-1.186896240702894,-0.990421038236675,-1.5830379499709046,-0.6585164445616638
0.6212619269670315,0.6706616057565629,-0.03147457097610547,1.1120649311716109,0.5917126817625441,1.2015604075790016,1.4043079090549073,0.5171430430774099
0.03480861742670196,-0.6150039127044332,-0.19787419587278438,-0.9581812175828966,-1.2563731517367,-1.337253545485991,-2.4282382417928416,-1.2213321567293054
0.6784768839953563,-1.1531894785718269,-3.4288002459499665,1.180616128150237,-1.6871300001462983,1.7148725183079891,1.5791769349491012,0.07939748916924415
0.17784600999751404,1.044401582053364,1.1055895324845337,0.7555987068827552,1.647761729476398,0.688248296850014,1.5937493537736174,1.405141166719689
-1.3669578297672564,-0.5851047146006891,0.6202572932025535,-0.5468740357111402,1.0780510589991874,0.1610628858310538,0.9671353443194227,1.2300429451564225
0.2779721847970825,-0.8392478984825139,-1.972803528104026,0.5225246371554266,-1.2285823873231776,0.9240944017795488,0.7631214807761966,-0.1957568590016029
-3.3122663687303007,-2.543502190395927,-0.0037413001599923153,-1.986449172262288,0.6611895927963503,0.05007648351127269,0.9379905066703904,1.405141166719689
-0.780504520226927,-0.0020703515776793013,0.6341239286106102,0.01524577951359361,1.175318734446516,0.4801487925004244,1.258583720809746,1.1800148818526321
-0.7948082594840081,0.012879247474192746,0.6479905640186667,0.01524577951359361,1.175318734446516,0.4801487925004244,1.258583720809746,1.1800148818526321
1.1791077579931986,1.1789479735202124,0.4954575745300444,1.1531956493587865,-0.07526566416199519,0.5911351948202055,-0.1112236486947728,-0.9211637769065633
0.9359441906228181,0.8500567943790274,0.051725241472233986,0.9475420584229083,-0.7144532456730119,0.4662754922104518,-0.7378376581489675,-1.909218027156423
1.0217666261653053,0.6856112048084348,-0.5168068102580856,1.249167325128863,-0.49212713036483224,1.1599405067090836,0.704831805478132,-0.7085445078654542
0.9216404513657369,1.2985447659351887,0.9807898138120246,0.7693089462784805,0.6889803572098727,-0.15802302083831687,-0.4172444440096121,-0.20826387482755046
0.2636684455400013,0.9547039877421317,1.3690556052376086,-0.7936583448341941,1.0780510589991874,-1.9615520585347597,-0.9855687781657422,0.6797342488147285
-0.8949344342835766,-0.3758103278744805,0.6202572932025535,-1.2735167236845766,0.5639219173490216,-1.184647242296292,-0.5192513757812252,0.6797342488147285
0.649869405481194,1.1490487754164684,0.8559900951395154,0.7007577492998543,0.8835157081045301,0.07782308409121796,0.2822316595671634,0.19196063160277246
-0.12253251440119134,-0.6299535117563053,-0.15627428964861464,-0.656555950876942,-0.658871716845967,-0.5326021286675781,-0.8398445899205805,-0.3333340330870264
-0.8234157379981706,-1.4073326624536517,-0.9328058724997829,-0.6428457114812167,-0.5199178947783547,0.4801487925004244,0.4862455231103896,0.32953780568819596
0.993159147651143,0.8650063934308995,0.023991970656120836,0.933831819027183,-0.7005578634662507,0.3552890898906707,-0.7524100769734836,-1.4839794890742048
0.7786030587949249,1.2387463697277006,0.9530565429959114,0.7007577492998543,0.9529926191383362,0.00845658264135478,0.3113764972161957,0.3170307898622484
0.1206310529691892,-0.7943991013268978,-1.0992054973964618,0.11121745528367012,-1.0757331830488042,0.383035690470616,-0.1403684863438051,-0.4959252388243451
0.8072105373090872,0.745409601015923,0.703457105650893,0.0015355401178683943,-0.01968413533495025,-0.9488011373667572,-1.4227413429012268,-0.620995397083821
-0.022406339601622877,-0.6000543136525612,-0.1840075604647278,-0.656555950876942,-0.6449763346392058,-0.49098222779766015,-0.8106997522715482,-0.35834806473892156
0.6355656662241127,0.7155104029121789,0.703457105650893,0.24831984924092226,-0.2003241040228463,-0.5048555280876328,-1.4227413429012268,-1.1087690142957771
-0.3799998210286531,-0.5402559174450731,-0.3504071853614067,-0.06701565686075768,0.03589739349209469,0.41078229105056124,0.5882524548820027,0.4546079639476719
-0.6660746061702773,0.34177042661537776,1.0223897200361942,-0.6702661902726672,1.2447956454803222,-0.7961948341770582,0.29680407839167955,1.092465771070999
-0.2512661677149222,-0.525306318393201,-0.600006622706425,0.13863793407512054,-0.047474899748472715,0.8269812997497403,0.996280181968455,0.39207288481793395
0.32088340256832615,-0.15156634209639977,-0.5306734456661422,0.4539734401768005,-0.3114871616769362,0.45240219192047915,0.2822316595671634,-0.1582358115237601
0.7213881017666,-0.09176794588891159,-1.0298723203561788,0.9475420584229083,-0.49212713036483224,1.0767007049692479,0.996280181968455,-0.02065863743833659
1.3221451505640107,1.01450238394962,0.2735914080011392,1.1669058887545116,-0.5754994236053996,0.6188817954001508,-1.0001411969902583,-1.696598758115314
0.4639207951391382,0.8799559924827715,0.6341239286106102,0.74188846748703,0.8835157081045301,0.5633885942402602,0.8797008313723258,0.6046921538590431
0.7786030587949249,0.3118712285116337,-0.48907353944197246,0.933831819027183,-0.5060225125715935,0.9657143026494668,0.3113764972161957,-0.6084883812578734
-0.00810260034454167,-2.0202662235804056,-3.0682677253404953,0.5088143977597014,-1.5759669424922085,1.3541667107687005,1.2002940455116813,0.24198869490656286
0.993159147651143,-0.13661674304452773,-2.0005367989201392,1.0298034947972596,-2.6598067546195847,1.0767007049692479,-0.3006650934134828,-2.409498660194327
0.449617055882057,-0.19641513925201592,-0.9466725079078394,0.5088143977597014,-1.3675362093907901,0.535641993660315,-0.3735271875360636,-1.3464023149887814
0.06341609594086438,0.8799559924827715,0.8143901889153456,0.7967294250699308,1.4393309963749794,0.9240944017795488,1.652039029071682,1.217535929330475
-1.2382241764535256,-0.3758103278744805,1.0362563554442508,-1.5888522297862566,0.9252018547248138,-1.4204933472258268,-0.43181686283412823,1.0799587552450516
0.42100957736789457,-0.7346007051194097,-1.8341371740234602,0.673337270508404,-1.2980592983569839,1.2848002093188373,0.9088456690213581,-0.1832498431756553
0.4782245343962194,0.8799559924827715,0.6341239286106102,0.74188846748703,0.8974110903112913,0.5772618945302329,0.8797008313723258,0.6046921538590431
0.7786030587949249,0.9696535867940038,0.509324209938101,0.9064113402357326,0.04979277569885592,0.45240219192047915,-0.21323058046638588,-0.8961497452546681
0.07771983519794558,0.8650063934308995,1.1194561678925903,-0.20411805081800982,1.119737205619471,-0.9488011373667572,-0.2423754181154182,0.87984650202989
0.7070843625095188,1.1938975725720844,1.0223897200361942,0.6047860735297779,0.8974110903112913,-0.019290017938590493,0.29680407839167955,0.3045237740363008
0.22075722776875767,0.29692162945976164,0.7589236472831193,-1.0678631327486985,-0.10305642857551765,-2.308384565784076,-2.6759693618096163,-0.5084322546502927
-0.3799998210286531,-0.6299535117563053,-0.4613402686258593,0.01524577951359361,0.09147892231913964,0.688248296850014,0.9088456690213581,0.4921290114255147
0.649869405481194,0.3716696247191219,-0.5306734456661422,1.05722397358871,0.14706045114618457,1.1599405067090836,1.3023009772832943,0.36705885316603876
1.0789815831936302,1.2985447659351887,0.7173237410589496,1.2354570857331377,0.5083403885219767,0.7853613988798225,0.4571006854613573,-0.2707989539572884
1.3078414113069294,0.9995527848977479,0.2735914080011392,1.1669058887545116,-0.5616040413986384,0.6050084951101782,-1.0147136158147745,-1.696598758115314
-1.05227556611147,-1.0036934880531065,-0.08694111260833176,-1.0952836115401487,-0.01968413533495025,-0.49098222779766015,-0.1112236486947728,0.4546079639476719
-2.7830280162182963,-1.9305686292691735,0.20425823096085632,-2.2880744389682426,0.5083403885219767,-0.8516880353369487,0.22394198426909878,1.1049727868969468
0.6927806232524376,-0.5103567193413289,-1.4874712888220458,0.3854222431981744,-2.187363759589703,0.4246555913405339,-0.9127066840431614,-1.846682948026685
1.279233932792767,0.8799559924827715,-0.11467438342444491,1.0160932554015343,-1.3258500627705063,0.4385288916305065,-1.437313761725743,-2.5971038975835405
0.7786030587949249,1.2985447659351887,0.9391899075878548,0.9201215796314578,1.0502602945856647,0.45240219192047915,0.6611145490045834,0.4796219955995671
-1.5815139186234746,-2.797645374277752,-1.6261376429026115,-0.38235116296243765,-0.07526566416199519,1.146067206419111,1.550032097300069,1.217535929330475
-2.010626096335911,-1.2428870728830592,0.1626583247366866,-1.547721511599081,0.6056080639693053,-0.3245026243179885,0.47167310428587345,1.0174236761153135
-1.2382241764535256,-0.6299535117563053,0.3845244912655918,-0.4509023599410637,0.8835157081045301,0.23042938728091697,0.9088456690213581,1.0424377077672087
0.6927806232524376,-0.4954071202894569,-1.4874712888220458,0.39913248259389966,-2.201259141796464,0.4246555913405339,-0.8981342652186453,-1.8591899638526326
0.649869405481194,0.700560803860307,0.5509241161622707,0.028956018909318825,0.022002011285333457,-0.8933079362068667,-1.4956034370238076,-0.6960374920395066
0.5640469699387067,0.41651842187473803,0.41225776208170495,-0.2726692477966359,-0.5477086591918772,-1.2540137437461552,-2.3262313100212286,-1.171304093425515
0.02050487816962075,0.10257684178542503,-0.2533407375050107,0.5910758341340526,0.34159580204084183,0.9102211014895761,1.258583720809746,0.7172552962925713
0.9502479298798994,-0.0319695496814234,-1.0021390495400657,0.8652806220485569,-1.3953269738043126,0.8963478011996036,-0.2715202557644505,-1.3338952991628337
1.1791077579931986,1.059351181105236,0.6757238348347798,0.6870475099041291,-0.6032901880189221,-0.4771089275076875,-2.3553761476702606,-2.1468513278494274
-1.1380980016539572,-0.39075992692635253,0.5370574807542141,-1.5614317509948061,0.702875739416634,-1.5453530498355805,-0.5046789569567091,0.87984650202989
1.336448889821092,1.2686455678314448,0.4815909391219878,1.3040082827117638,-0.01968413533495025,0.7576147982998772,-0.1112236486947728,-0.9336707927325109
0.649869405481194,0.8052079972234113,0.30132467881725233,1.0298034947972596,0.7445618860369176,0.7714880985898498,0.9525629254949066,0.4921290114255147
0.5211357521674631,0.700560803860307,0.8005235535072891,-0.012174699277856822,-0.06137028195523395,-0.8378147350469761,-1.5101758558483238,-0.7585725711692445
-0.7518970417127645,-0.09176794588891159,0.5509241161622707,-0.7388173872512932,0.8557249436910075,-0.6574618312773318,0.23851440309361494,0.8423254545520472
1.0503741046794677,1.6274359450763738,1.0362563554442508,1.441110676669016,1.2586910276870833,1.0073342035193846,1.2148664643361973,0.4671149797736195
-2.725813059189971,-1.8857198321135573,0.12105841851251686,-2.2058130025938913,0.45275885969493174,-0.7129550324372224,0.3113764972161957,1.0799587552450516
1.350752629078173,0.49126641713409824,-2.069869975960422,1.5507925918348178,-2.49306216813845,1.5067730139583995,0.5008179419349057,-2.4470197076721694
0.5497432306816254,0.9846031858458758,0.45385766830587465,1.180616128150237,1.1058418234127099,1.2015604075790016,1.7103287043697466,1.0174236761153135
-0.09392503588702893,0.11752644083729707,0.5925240223864404,-0.7525276266470184,0.31380503762731937,-1.1569006417163468,-1.0292860346392907,0.10441152082113933
0.9645516691369805,1.2387463697277006,0.6618571994267233,1.194326367545962,0.49444500631521543,0.7437414980099045,0.44252826663684114,-0.35834806473892156
0.8358180158232497,0.9098551905865155,0.31519131422530894,1.0023830160058091,-0.07526566416199519,0.5911351948202055,-0.1403684863438051,-1.021219903514144
-3.3122663687303007,-2.543502190395927,-0.0037413001599923153,-1.986449172262288,0.6750849750031115,0.036203183221300055,0.9379905066703904,1.4176481825456364
0.42100957736789457,0.9098551905865155,0.869856730547572,0.2757403280323727,0.4805496241084542,-0.36612252518790644,-0.4463892816586444,-0.13322177987186493
-1.066579305368551,-0.3758103278744805,0.5370574807542141,-1.5888522297862566,0.5917126817625441,-1.5453530498355805,-0.5483962134302575,0.6046921538590431
0.14923853148335162,0.10257684178542503,0.13492505392057344,0.07008673709649448,0.09147892231913964,0.036203183221300055,-0.023789135747675865,0.04187644169140137
0.1206310529691892,0.9547039877421317,1.285855792789269,-0.2589590084009107,1.2725864098938446,-0.990421038236675,-0.18408574281735357,0.9924096444634184
0.13493479222627042,-0.9588446908974904,-2.0560033405523654,0.5225246371554266,-1.2980592983569839,1.0073342035193846,0.8359835748987773,-0.14572879569781252
0.09202357445502679,0.4314680209266101,0.6757238348347798,-0.24524876900518547,0.647294210589589,-0.6297152306973866,-0.35895476871154747,0.3170307898622484
0.7499955802807624,-0.48045752123758484,-1.4874712888220458,0.4539734401768005,-2.187363759589703,0.5772618945302329,-0.8544170087450967,-1.909218027156423
0.23506096702583887,-0.8242982994306419,-1.7232040907590076,0.5362348765511518,-1.0896285652555653,1.0073342035193846,0.719404224302648,-0.283305969783236
1.1648040187361175,0.7902583981715392,-0.1285410188325015,0.9064113402357326,-1.3397454449772677,0.3552890898906707,-1.4664585993747752,-2.5595828501056976
-0.5087334743423839,-0.6299535117563053,-0.43360699780974615,0.028956018909318825,0.1192696867326621,0.6050084951101782,0.9525629254949066,0.7297623121185189
0.4639207951391382,-1.0036934880531065,-1.8202705386154037,0.6047860735297779,-1.1591054762893716,1.0212075038093573,0.719404224302648,-0.22077089065349806
-0.8663269557694142,0.07267764368168093,0.9530565429959114,-0.6839764296683923,1.1336325878262323,-0.6435885309873591,0.44252826663684114,1.1675078660266847
-2.039233574850073,-1.198038275727443,0.20425823096085632,-1.5888522297862566,0.6333988283828278,-0.3799958254778791,0.5153903607594219,1.0674517394191039
0.23506096702583887,-0.8242982994306419,-1.709337455350951,0.5362348765511518,-1.0896285652555653,1.0073342035193846,0.704831805478132,-0.2958129856091836
0.8930329728515745,1.2536959687795728,0.9530565429959114,0.7281782280913048,0.647294210589589,-0.1718963211282895,-0.43181686283412823,-0.20826387482755046
-0.6517708669131961,0.057728044629808885,0.509324209938101,-0.012174699277856822,1.0919464412059485,0.49402209279039705,1.2148664643361973,1.1550008502007372
0.3065796633112449,0.9547039877421317,1.0501229908523073,-0.149277093235109,1.0502602945856647,-1.0042943385266476,-0.15494090516832126,0.6547202171628334
0.2636684455400013,0.9547039877421317,1.3690556052376086,-0.7936583448341941,1.0780510589991874,-1.9615520585347597,-1.0001411969902583,0.6797342488147285
0.20645348851167647,-0.3758103278744805,-0.4613402686258593,-0.012174699277856822,-0.8117209211203407,0.10556968467116323,-0.5483962134302575,-0.5959813654319258
0.8930329728515745,-0.06186874778516749,-1.0437389557642354,0.5088143977597014,-2.312422199450554,0.32754248931072544,-1.539320693497356,-2.647131960887331
0.07771983519794558,0.8949055915346436,1.4383887822778916,-0.7525276266470184,1.1475279700329934,-1.8228190556350332,-1.14586538523542,0.87984650202989
0.9216404513657369,-0.06186874778516749,-1.0021390495400657,0.8515703826528317,-1.3675362093907901,0.8824745009096309,-0.3006650934134828,-1.3088812675109385
-0.8091119987410893,0.13247603988916912,1.0085230846281377,-0.6976866690641176,1.1336325878262323,-0.6852084318572771,0.3696661725142603,1.1550008502007372
-0.7662007809698457,0.027828846526064793,0.5370574807542141,-0.053305417465032465,1.1058418234127099,0.41078229105056124,1.2294388831607135,1.129986818548842
0.5783507091957879,0.7753087991196672,0.8421234597314587,-0.03959517806930725,-0.047474899748472715,-0.879434635916894,-1.4081689240767106,-0.6960374920395066
0.3637946203395698,-1.3923830634017798,-2.4581357673860063,0.24831984924092226,-2.5764344613790175,0.7576147982998772,-0.3880996063605798,-1.421444409944467
0.3924020988537322,1.1340991763645962,1.0501229908523073,0.22089937044947183,1.2309002632735608,-0.36612252518790644,0.5153903607594219,0.8923535178558376
-0.10822877514411013,0.5211656152378423,1.1749227095248165,-1.232386005497401,0.7862480326572013,-2.6552170730333917,-1.9473484205838085,0.4421009481217243
-1.0808830446256323,-0.3459111297707364,0.509324209938101,-1.5614317509948061,0.6056080639693053,-1.5592263501255532,-0.5483962134302575,0.667227232988781
0.42100957736789457,-1.3176350681424194,-2.472002402794063,0.2757403280323727,-2.6598067546195847,0.7576147982998772,-0.4172444440096121,-1.421444409944467
0.5354394914245443,-0.7644999032231538,-1.778670632391234,0.7555987068827552,-1.2841639161502225,1.3541667107687005,0.8651284125478096,-0.2958129856091836
0.37809835959665095,0.9995527848977479,0.9669231784039679,0.48139391896825096,1.2725864098938446,0.17493618612102643,0.7485490619516804,0.8298184387260997
0.9359441906228181,0.9547039877421317,0.8421234597314587,0.15234817347084575,-0.17253333960932382,-1.3650001460659362,-2.7196866182831645,-1.3589093308147289
0.02050487816962075,0.7155104029121789,1.0085230846281377,-0.6428457114812167,0.8835157081045301,-1.8921855570848964,-1.0292860346392907,0.5921851380330955
0.4067058381108134,-0.07681834683703954,-1.1130721328045183,0.8241499038613813,-0.45044098374454855,1.146067206419111,1.1565767890381327,0.22948167908061526
0.3637946203395698,0.9696535867940038,1.0778562616684206,-0.23153852960946025,1.0363649123789036,-0.9210545367868119,-0.08207881104574048,0.7422693279444665
0.049112356683783165,0.401568822822866,0.31519131422530894,0.6596270311126787,0.9668880013450974,0.9657143026494668,1.4917424220020044,1.0299306919412612
0.7786030587949249,-0.9887438890012344,-3.2069340794210612,1.0846444523801604,-2.326317581657315,1.492899713668427,0.9525629254949066,-0.7835866028211397
0.7356918410236812,0.6258128086009467,0.07945851228834713,0.9475420584229083,0.21653736217999076,0.7853613988798225,0.6611145490045834,-0.04567266909023177
0.5354394914245443,0.8201575962752833,0.897590001363685,-0.09443613565220811,-0.005788753128189014,-0.9210545367868119,-1.3644516676031622,-0.6710234603876114
0.5354394914245443,0.2520728323041455,-0.405873726993633,0.7555987068827552,-0.4365456015377873,0.7298681977199319,0.32594891604071186,-0.45840419134650234
-1.3526540905101754,-2.334207803669719,-1.251738486885084,-1.2186757661016758,-0.8811978321541468,-0.03316331822856313,-0.023789135747675865,0.34204482151414356
0.6641731447382752,0.4314680209266101,-0.5445400810741987,1.1120649311716109,0.09147892231913964,1.2848002093188373,1.3168733961078105,0.2920167582103532
-0.2798736462290846,-0.5402559174450731,-0.5722733518903119,0.11121745528367012,-0.01968413533495025,0.8131079994597677,0.996280181968455,0.40457990064388155
0.5640469699387067,0.7902583981715392,0.8559900951395154,-0.03959517806930725,-0.033579517541711484,-0.8933079362068667,-1.3935965052521946,-0.683530476213559
-0.6374671276561148,0.012879247474192746,0.6895904702428365,-0.7388173872512932,0.8974110903112913,-0.7268283327271949,0.20936956544458263,0.8298184387260997
0.8072105373090872,1.044401582053364,0.869856730547572,0.4265529613853501,0.45275885969493174,-0.35224922489793375,-0.4463892816586444,-0.1832498431756553
0.7499955802807624,0.745409601015923,0.6202572932025535,0.028956018909318825,0.022002011285333457,-0.9071812364968392,-1.4664585993747752,-0.6585164445616638
-1.3669578297672564,-0.5851047146006891,0.4954575745300444,-0.6428457114812167,1.0919464412059485,0.21655608699094434,1.083714694915552,1.405141166719689
0.2779721847970825,-1.7362238415948368,-2.9018681004438167,0.4265529613853501,-2.256840670623509,1.2015604075790016,0.5008179419349057,-0.5959813654319258
0.32088340256832615,0.9846031858458758,1.1333228033006468,-0.03959517806930725,1.064155676792426,-0.8933079362068667,-0.32980993106251516,0.5671711063812003
-0.29417738548616584,-1.0933910823643387,-0.600006622706425,-1.0952836115401487,-1.2563731517367,-0.8655613356269214,-1.5976103687954206,-0.8211076502989825
0.4782245343962194,0.8799559924827715,0.6479905640186667,0.7555987068827552,0.8974110903112913,0.5772618945302329,0.8797008313723258,0.6171991696849906
0.4067058381108134,0.14742563894104116,-0.41974036240168955,0.6184963129255031,-0.38096407271074234,0.6327550956901234,0.13650747132200186,-0.4834182229983975
-0.3799998210286531,-0.555205516496945,-0.3642738207694633,-0.06701565686075768,0.03589739349209469,0.4385288916305065,0.617397292531035,0.4796219955995671
1.0217666261653053,1.2686455678314448,0.5786573869783839,1.2765878039203133,0.522235770728738,0.8824745009096309,0.529962779583938,-0.37085508056486916
0.6355656662241127,-0.07681834683703954,-1.0298723203561788,0.9749625372143587,-0.4643363659513098,1.29867350960881,1.185721626687165,0.07939748916924415
-0.7518970417127645,-0.07681834683703954,0.5509241161622707,-0.7388173872512932,0.8557249436910075,-0.6713351315673044,0.22394198426909878,0.8298184387260997
-0.49442973508530275,-0.6299535117563053,-0.43360699780974615,0.028956018909318825,0.1192696867326621,0.5911351948202055,0.9379905066703904,0.7297623121185189
0.2493647062829201,-0.8691470965862581,-1.9866701635120825,0.5362348765511518,-1.2007916229096551,0.9379677020695214,0.7922663184252289,-0.1957568590016029
-0.6803783454273584,0.11752644083729707,0.869856730547572,-0.6976866690641176,1.0085741479653811,-0.7129550324372224,0.26765924074264724,0.942381581159628
0.16354227074043284,0.9098551905865155,0.9530565429959114,0.4402632007810753,1.300377174307367,0.23042938728091697,0.9379905066703904,1.0174236761153135
0.13493479222627042,0.9248047896383876,0.8837233659556285,0.8515703826528317,1.4949125252020243,0.9795876029394394,1.6957562855452306,1.3551131034158985
-0.33708860325740947,-0.1665159411482718,-0.08694111260833176,-0.21782829021373504,0.07758354011237839,0.11944298496113588,0.340521334865228,0.36705885316603876
-1.3526540905101754,-0.6000543136525612,0.4954575745300444,-0.6428457114812167,1.0780510589991874,0.21655608699094434,1.0691422760910358,1.3926341508937414
0.2922759240541637,0.9098551905865155,0.7450570118750628,0.549945115946877,1.0363649123789036,0.3969089907605886,0.9379905066703904,0.7922973912482569
0.449617055882057,0.8201575962752833,0.703457105650893,0.33058128561527356,0.3971773308678868,-0.31062932402801585,-0.4755341193076767,-0.22077089065349806
1.064677843936549,1.2835951668833168,0.7173237410589496,1.2354570857331377,0.522235770728738,0.7714880985898498,0.4571006854613573,-0.2707989539572884
-0.9092381735406578,-1.0335926861568505,0.12105841851251686,-1.7945058207221347,-0.4087548371242648,-1.684086052735307,-1.4810310181992914,0.004355394213558593
0.4067058381108134,-0.06186874778516749,-1.0992054973964618,0.8241499038613813,-0.45044098374454855,1.146067206419111,1.1420043702136167,0.21697466325466766
-0.3513923425144907,0.5211656152378423,0.9669231784039679,-0.12185661444365854,1.2309002632735608,-0.18576962141826214,0.7485490619516804,1.0549447235931564
0.049112356683783165,0.38661922377099395,0.31519131422530894,0.673337270508404,0.9807833835518587,0.9795876029394394,1.5208872596510365,1.0424377077672087
0.20645348851167647,-0.22631433735576,0.10719178310446029,-0.7936583448341941,-0.9228839787744305,-1.295633644616073,-2.09307260882897,-0.9836988560363011
-0.022406339601622877,0.6706616057565629,0.9530565429959114,-0.6976866690641176,0.827934179277485,-1.836692355925006,-0.9855687781657422,0.6297061855109382
0.993159147651143,1.2237967706758286,0.35679122044947864,1.4685311554604665,0.9807833835518587,1.381913311348646,1.5791769349491012,0.6797342488147285
0.8930329728515745,0.9248047896383876,0.8143901889153456,0.12492769467939534,-0.24201025064313,-1.378873446355909,-2.7342590371076807,-1.3714163466406766
1.0360703654223866,1.2835951668833168,0.7450570118750628,1.2080366069416872,0.5361311529354992,0.7437414980099045,0.427955847812325,-0.24578492230539326
0.19214974925459524,0.730460001964051,0.5231908453461576,0.549945115946877,0.9113064725180525,0.5772618945302329,1.083714694915552,0.8173114229001521
-0.022406339601622877,-0.6000543136525612,-0.1840075604647278,-0.656555950876942,-0.6449763346392058,-0.49098222779766015,-0.8252721710960644,-0.35834806473892156
0.7070843625095188,0.6557120067046908,-0.03147457097610547,1.0023830160058091,0.18874659776646827,0.9518410023594941,0.704831805478132,-0.13322177987186493
0.5783507091957879,0.3118712285116337,-0.4613402686258593,0.7967294250699308,-0.49212713036483224,0.7853613988798225,0.38423859133877647,-0.5084322546502927
0.20645348851167647,0.7902583981715392,1.0501229908523073,-0.7251071478555681,0.8696203258977688,-1.989298659114705,-1.0292860346392907,0.4546079639476719
0.13493479222627042,-0.9588446908974904,-2.0560033405523654,0.5225246371554266,-1.2980592983569839,0.993460903229412,0.8359835748987773,-0.13322177987186493
0.6641731447382752,0.8201575962752833,0.31519131422530894,1.0298034947972596,0.7584572682436789,0.7576147982998772,0.9379905066703904,0.4921290114255147
0.6784768839953563,-0.13661674304452773,-1.0992054973964618,0.9475420584229083,-0.45044098374454855,1.1321939061291384,1.0691422760910358,0.05438345751734896
-0.923541912797739,-1.0784414833124667,-0.0037413001599923153,-1.7945058207221347,-0.5060225125715935,-1.5869729507054984,-1.5247482746728398,-0.12071476404591733
0.792906798052006,1.2387463697277006,0.6618571994267233,1.2628775645245882,1.0919464412059485,1.0628274046792752,1.3314458149323267,0.6422132013368858
1.1791077579931986,1.059351181105236,0.6895904702428365,0.6870475099041291,-0.6032901880189221,-0.4771089275076875,-2.3553761476702606,-2.1468513278494274
-1.6530326149088808,-1.2129878747793152,0.4954575745300444,-2.562279226882747,0.17485121555970703,-2.308384565784076,-1.5247482746728398,0.5421570747293051
0.8644254943374121,0.7155104029121789,0.023991970656120836,1.0846444523801604,0.24432812659351322,0.9379677020695214,0.6756869678290996,-0.04567266909023177
-2.7544205377041338,-1.8857198321135573,0.24585813718502603,-2.2469437207810667,0.5500265351422604,-0.8516880353369487,0.3113764972161957,1.1550008502007372
0.16354227074043284,0.9696535867940038,1.5077219593181743,-0.7525276266470184,1.2309002632735608,-1.9338054579548143,-1.0584308722883229,0.8048044070742045
0.3637946203395698,0.9846031858458758,1.0778562616684206,-0.21782829021373504,1.0363649123789036,-0.9349278370767845,-0.08207881104574048,0.7422693279444665
0.8501217550803308,0.5211656152378423,-0.41974036240168955,1.1669058887545116,0.1609558333529458,1.215433707868974,1.2002940455116813,0.267002726558458
-1.1810092194252009,-0.3459111297707364,0.9530565429959114,-1.5203010328076305,0.7862480326572013,-1.4204933472258268,-0.46096170048316054,0.9799026286374708
-2.568471927362078,-2.872393369537112,-0.8218727892353302,-1.5614317509948061,-0.005788753128189014,0.29979588873078017,0.8505559937232935,1.1424938343747895
-3.483911239815275,-1.7362238415948368,0.6757238348347798,-2.7268020996314495,1.0780510589991874,-1.0597875396865382,0.5445351984084542,1.5177043091532172
1.0360703654223866,0.9248047896383876,0.051725241472233986,0.9886727766100839,-0.6866624812594895,0.41078229105056124,-0.7086928204999352,-1.5089935207261
-1.195312958682282,-0.4655079221857128,0.6757238348347798,-1.5065907934119054,0.7584572682436789,-1.4759865483857173,-0.5192513757812252,1.0424377077672087
0.9502479298798994,-0.0319695496814234,-1.0160056849481223,0.8652806220485569,-1.3814315915975512,0.8963478011996036,-0.2715202557644505,-1.3338952991628337
-1.1810092194252009,-0.4505583231338407,0.6895904702428365,-1.49288055401618,0.7584572682436789,-1.4759865483857173,-0.5338237946057414,1.0299306919412612
0.6212619269670315,1.1639983744683404,0.897590001363685,0.673337270508404,0.9113064725180525,0.022329882931327417,0.2822316595671634,0.22948167908061526
0.7213881017666,1.0294519830014919,0.9530565429959114,0.358001764406724,0.522235770728738,-0.3938691257678517,-0.4172444440096121,-0.13322177987186493
0.8215142765661685,0.9696535867940038,0.4815909391219878,0.9475420584229083,0.022002011285333457,0.49402209279039705,-0.15494090516832126,-0.9336707927325109
0.993159147651143,1.6274359450763738,1.2026559803409298,1.2080366069416872,1.5088079074087857,0.5911351948202055,1.1420043702136167,0.8298184387260997
-0.8949344342835766,-1.497030256764884,-0.8634726954595,-0.42348188114961327,-0.22811486843636877,0.6327550956901234,0.9088456690213581,0.7047482804666237
0.2636684455400013,0.9547039877421317,1.3690556052376086,-0.7936583448341941,1.0780510589991874,-1.9615520585347597,-1.0001411969902583,0.667227232988781
-0.7662007809698457,0.027828846526064793,0.703457105650893,-0.0807258962564829,1.2725864098938446,0.4385288916305065,1.2731561396342619,1.3676201192418462
-0.7662007809698457,-0.0020703515776793013,0.606390657794497,0.04266625830504404,1.1475279700329934,0.49402209279039705,1.2440113019852297,1.1550008502007372
-2.024929835592992,-1.2727862709868034,0.2735914080011392,-1.5340112722033556,0.7723526504504401,-0.26900942315809795,0.6756869678290996,1.2925780242861606
0.7070843625095188,0.20722403514852936,-0.43360699780974615,0.8515703826528317,-0.4643363659513098,0.8963478011996036,0.20936956544458263,-0.5709673337800306
0.7499955802807624,0.2819720304078896,-0.47520690403391586,0.9201215796314578,-0.5060225125715935,0.9518410023594941,0.2822316595671634,-0.5959813654319258
-1.7960700074796927,-2.139863015995382,-0.4613402686258593,-2.2195232419896165,-0.6727670990527282,-1.184647242296292,-0.970996359341226,0.2795097423844056
0.7213881017666,-0.09176794588891159,-0.9882724141320092,1.0160932554015343,-0.45044098374454855,1.2570536087388922,1.1128595325645843,0.04187644169140137
0.7356918410236812,-0.7794495022750257,-1.8341371740234602,0.8652806220485569,-1.2841639161502225,1.2570536087388922,0.8359835748987773,-0.3333340330870264
0.449617055882057,-0.1665159411482718,-0.9744057787239526,0.5225246371554266,-1.3814315915975512,0.5495152939502876,-0.35895476871154747,-1.3464023149887814
-0.8377194772552518,0.10257684178542503,0.9807898138120246,-0.6976866690641176,1.1475279700329934,-0.6713351315673044,0.3988110101632927,1.1675078660266847
-0.03671007885870409,0.10257684178542503,-0.22560746668889753,0.49510415836397614,0.36938656645436435,0.9518410023594941,1.2440113019852297,0.6797342488147285
1.3793601075923356,1.059351181105236,0.23199150177696948,1.194326367545962,-0.6032901880189221,0.6605016962700687,-0.9418515216921937,-1.7341198055931568
0.4067058381108134,-0.8990462946900022,-1.9312036218798563,0.5910758341340526,-1.2285823873231776,0.8963478011996036,0.719404224302648,-0.22077089065349806
1.0789815831936302,1.2985447659351887,0.703457105650893,1.249167325128863,0.5083403885219767,0.7853613988798225,0.47167310428587345,-0.283305969783236
0.02050487816962075,0.7155104029121789,0.9946564492200811,-0.656555950876942,0.8696203258977688,-1.8783122567949238,-1.0292860346392907,0.5921851380330955
-0.6803783454273584,0.34177042661537776,1.0223897200361942,-0.6839764296683923,1.2586910276870833,-0.8100681344670309,0.29680407839167955,1.092465771070999
0.4353133166249758,-0.2562135354595041,-1.0576055911722921,0.4402632007810753,-1.5064900314584024,0.4662754922104518,-0.3735271875360636,-1.3589093308147289
1.064677843936549,0.9397543886902597,0.06559187688029056,1.0023830160058091,-0.6727670990527282,0.4246555913405339,-0.694120401675419,-1.5340075523779952
1.1505002794790362,1.328443964038933,0.6757238348347798,1.3040082827117638,0.5639219173490216,0.8269812997497403,0.38423859133877647,-0.2707989539572884
0.4067058381108134,-0.12166714399265569,-1.0576055911722921,0.7693089462784805,-0.45044098374454855,0.9518410023594941,0.996280181968455,0.09190450499519173
1.0360703654223866,1.3882423602464211,0.703457105650893,1.3314287615032143,0.7723526504504401,0.8824745009096309,0.7776938996007127,0.05438345751734896
-0.7948082594840081,0.012879247474192746,0.6618571994267233,0.01524577951359361,1.175318734446516,0.4662754922104518,1.258583720809746,1.1925218976785799
1.007462886908224,-0.12166714399265569,-2.0282700697362523,1.0298034947972596,-2.6598067546195847,1.0905740052592205,-0.28609267458896664,-2.4220056760202744
0.14923853148335162,0.9098551905865155,0.9669231784039679,0.4265529613853501,1.3281679387208896,0.2026827867009717,0.9379905066703904,1.0299306919412612
0.4353133166249758,0.08762724273355298,-0.3920070915855764,0.5636553553426022,-0.4365456015377873,0.5078953930803697,0.16565230897103417,-0.42088314386865955
0.2779721847970825,0.8949055915346436,1.0085230846281377,-0.21782829021373504,1.0085741479653811,-0.990421038236675,-0.1403684863438051,0.667227232988781
-0.8520232165123329,-1.6016774501279885,-0.9050726016836697,-0.6428457114812167,-0.42265021933102603,0.25817598786086227,0.3988110101632927,0.32953780568819596
0.23506096702583887,0.4464176199784821,0.3290579496333655,0.4265529613853501,0.49444500631521543,0.3552890898906707,0.529962779583938,0.41708691646982915
0.5068320129103818,0.6407624076528188,0.5231908453461576,0.028956018909318825,-0.01968413533495025,-0.8655613356269214,-1.4810310181992914,-0.7085445078654542
-1.5529064401093122,-0.854197497534386,0.7173237410589496,-2.2743641995725175,0.45275885969493174,-2.1141583617244586,-1.1312929664109037,0.7672833595963617
-0.8234157379981706,-1.526929454868628,-0.8912059662756131,-0.656555950876942,-0.4643363659513098,0.3969089907605886,0.41338342898780883,0.3045237740363008
1.3221451505640107,1.2387463697277006,0.509324209938101,1.1669058887545116,-0.8534070677406244,0.29979588873078017,-1.7870518135141307,-2.7471880874949117
0.3065796633112449,0.6407624076528188,0.6479905640186667,-0.0807258962564829,-0.033579517541711484,-0.8655613356269214,-1.3644516676031622,-0.7335585395173494
0.3065796633112449,1.1340991763645962,1.1887893449328732,0.13863793407512054,1.3142725565141282,-0.2967560237380432,0.5882524548820027,0.9924096444634184
-0.8949344342835766,-1.497030256764884,-0.8773393308675566,-0.4097716417538881,-0.21421948622960754,0.6605016962700687,0.9525629254949066,0.7297623121185189
1.064677843936549,1.0294519830014919,0.3706578558575352,1.1531956493587865,0.03589739349209469,0.7576147982998772,-0.16951332399283742,-0.8961497452546681
0.9359441906228181,-0.046919148733295446,-1.0021390495400657,0.8515703826528317,-1.3814315915975512,0.8824745009096309,-0.3006650934134828,-1.3213882833368862
1.2506264542786047,1.1639983744683404,0.4399910328978181,1.2628775645245882,0.04979277569885592,0.8269812997497403,-0.1112236486947728,-0.9211637769065633
-2.1250560103925604,-1.3026854690905474,0.1626583247366866,-1.547721511599081,0.6195034461760666,-0.36612252518790644,0.4571006854613573,0.942381581159628
0.6927806232524376,0.745409601015923,0.6618571994267233,-0.012174699277856822,0.04979277569885592,-0.9349278370767845,-1.4227413429012268,-0.6460094287357162
-0.6803783454273584,0.10257684178542503,0.8559900951395154,-0.7113969084598428,1.0085741479653811,-0.7129550324372224,0.26765924074264724,0.9548885969855756
0.03480861742670196,-1.5568286529723723,-2.638402027690742,0.31687104621954837,-1.9511422620747618,0.9795876029394394,0.5153903607594219,-0.45840419134650234
0.3924020988537322,0.5062160161859703,0.3706578558575352,0.4265529613853501,0.5083403885219767,0.34141578960069807,0.4862455231103896,0.3045237740363008
0.8501217550803308,-0.0319695496814234,-0.9744057787239526,0.7693089462784805,-1.3397454449772677,0.8963478011996036,-0.2423754181154182,-1.3213882833368862
0.9788554083940617,0.8500567943790274,0.24585813718502603,0.8652806220485569,-0.770034774500057,0.34141578960069807,-0.883561846394129,-1.8967110113304755
0.6069581877099504,0.4464176199784821,-0.5861399872983685,1.05722397358871,0.1192696867326621,1.1738138069990562,1.3168733961078105,0.36705885316603876
0.5211357521674631,-0.5851047146006891,-1.5568044658623288,0.3442915250109988,-2.2290499062099864,0.4662754922104518,-0.7524100769734836,-1.8591899638526326
-1.2954391334818505,-0.6000543136525612,0.45385766830587465,-0.4920330781282394,0.9529926191383362,0.18880948641099907,0.9088456690213581,1.092465771070999
0.3637946203395698,0.6407624076528188,0.606390657794497,0.0015355401178683943,-0.07526566416199519,-0.8100681344670309,-1.4227413429012268,-0.7585725711692445
0.2779721847970825,-1.7362238415948368,-2.9018681004438167,0.4265529613853501,-2.256840670623509,1.2015604075790016,0.5008179419349057,-0.6084883812578734
0.649869405481194,1.5975367469726298,1.3829222406456652,0.933831819027183,1.7589247871304878,0.4801487925004244,1.3460182337568427,1.3300990717640033
0.7642993195378436,0.8351071953271554,0.8282568243234022,0.0015355401178683943,-0.033579517541711484,-0.9210545367868119,-1.4227413429012268,-0.6460094287357162
0.8358180158232497,1.6124863460245018,1.285855792789269,1.1394854099630614,1.5782848184425917,0.5911351948202055,1.2148664643361973,0.9298745653336804
0.9216404513657369,1.2536959687795728,0.6341239286106102,1.3040082827117638,1.064155676792426,1.0905740052592205,1.287728558458778,0.6171991696849906
0.3637946203395698,0.6258128086009467,0.5925240223864404,0.0015355401178683943,-0.07526566416199519,-0.8100681344670309,-1.4227413429012268,-0.7585725711692445
-2.9975841050745142,-2.3491574027215907,0.06559187688029056,-2.507438269299846,0.35549118424760306,-0.8378147350469761,0.1219350524974857,1.1550008502007372
0.9359441906228181,0.2819720304078896,-0.9882724141320092,1.0435137341929848,-1.2146870051164165,1.0073342035193846,0.19479714662006647,-1.233839172555253
-0.8091119987410893,-1.810971836854197,-1.0160056849481223,-1.2735167236845766,-1.2702685339434614,-0.4771089275076875,-0.9418515216921937,-0.37085508056486916
-2.010626096335911,-1.2727862709868034,0.2735914080011392,-1.5340112722033556,0.7723526504504401,-0.26900942315809795,0.6756869678290996,1.2925780242861606
-1.6244251363947182,-1.2428870728830592,0.46772430371393126,-2.5348587480912963,0.14706045114618457,-2.2806379652041304,-1.539320693497356,0.5421570747293051
-0.022406339601622877,0.07267764368168093,-0.1840075604647278,0.5362348765511518,0.4249680952814093,0.8963478011996036,1.258583720809746,0.6797342488147285
0.8644254943374121,0.3716696247191219,0.07945851228834713,0.1934788916580214,-1.2980592983569839,-0.5880953298274686,-2.4136658229683254,-2.221893422805113
0.2493647062829201,0.057728044629808885,0.1626583247366866,-0.24524876900518547,-0.2836963972634137,-0.5326021286675781,-1.0292860346392907,-0.4834182229983975
1.1505002794790362,1.0892503792089803,0.509324209938101,1.1669058887545116,0.14706045114618457,0.7298681977199319,-0.22780299929090203,-0.8086006344730349
0.5354394914245443,0.700560803860307,0.8005235535072891,0.0015355401178683943,-0.06137028195523395,-0.8378147350469761,-1.5247482746728398,-0.7585725711692445
0.649869405481194,0.8799559924827715,0.6757238348347798,0.39913248259389966,0.35549118424760306,-0.18576962141826214,-0.4172444440096121,-0.20826387482755046
0.3924020988537322,-0.15156634209639977,-1.0714722265803487,0.7693089462784805,-0.4365456015377873,0.9657143026494668,1.0254250196174874,0.11691853664708692
0.2636684455400013,-0.854197497534386,-1.972803528104026,0.5225246371554266,-1.2285823873231776,0.9240944017795488,0.7631214807761966,-0.1957568590016029
0.449617055882057,0.8201575962752833,0.703457105650893,0.33058128561527356,0.3832819486611256,-0.31062932402801585,-0.4755341193076767,-0.22077089065349806
0.5640469699387067,0.2819720304078896,-0.43360699780974615,0.7693089462784805,-0.4643363659513098,0.7576147982998772,0.35509375368974416,-0.4834182229983975
-0.4801259958282216,-0.3459111297707364,0.17652496014474317,-0.9307607387914463,-0.06137028195523395,-0.8239414347570034,-0.5046789569567091,0.1544395841249297
0.22075722776875767,-1.497030256764884,-2.582935486058515,0.31687104621954837,-1.9233514976612394,0.9379677020695214,0.427955847812325,-0.5209392704762402
1.2506264542786047,0.9846031858458758,-0.2533407375050107,1.2628775645245882,-1.4648038848381186,0.840854600039713,-0.7232652393244513,-2.884765261580335
0.6927806232524376,0.4763168180822262,0.509324209938101,-0.2589590084009107,-0.5060225125715935,-1.3095069449060457,-2.384520985319293,-1.208825140903358
0.7070843625095188,-0.8242982994306419,-1.87573708024763,0.8652806220485569,-1.2702685339434614,1.29867350960881,0.8651284125478096,-0.3083200014351312
-0.23696242845784102,0.5062160161859703,0.7866569180992324,-0.10814637504793333,1.1336325878262323,-0.2135162219982074,0.6902593866536157,0.9673956128115232
-0.5373409528565464,-0.3160119316669923,0.09332514769640371,-0.4371921205453385,0.25822350880027445,-0.047036618518535765,0.41338342898780883,0.4921290114255147
0.106327313712108,0.9248047896383876,0.9114566367717416,0.8241499038613813,1.5365986718223081,0.9657143026494668,1.7103287043697466,1.3801271350677937
0.6927806232524376,-0.854197497534386,-1.8896037156556866,0.8652806220485569,-1.2563731517367,1.3264201101887554,0.8797008313723258,-0.2958129856091836
0.8501217550803308,1.6124863460245018,1.258122521973156,1.1669058887545116,1.5365986718223081,0.6188817954001508,1.2002940455116813,0.8673394862039424
0.8787292335944933,1.2387463697277006,0.6618571994267233,1.2628775645245882,1.0780510589991874,1.0489541043893025,1.2731561396342619,0.6422132013368858
0.6641731447382752,1.1639983744683404,0.8559900951395154,0.7144679886955796,0.8696203258977688,0.10556968467116323,0.26765924074264724,0.1794536157768249
0.7070843625095188,1.0294519830014919,0.9530565429959114,0.358001764406724,0.522235770728738,-0.3938691257678517,-0.4026720251850959,-0.13322177987186493
-1.1667054801681196,-0.3758103278744805,0.8421234597314587,-1.5751419903905313,0.7723526504504401,-1.4621132480957448,-0.3880996063605798,0.8548324703779948
0.449617055882057,0.17732483704478527,-0.4613402686258593,0.6596270311126787,-0.4365456015377873,0.6743749965600414,0.18022472779555032,-0.5209392704762402
-0.36569608177157187,0.41651842187473803,0.9114566367717416,-0.09443613565220811,1.2864817921006058,-0.10252981967842631,0.806838737249745,1.2050289135045273
0.3351871418254073,0.9846031858458758,1.1333228033006468,-0.03959517806930725,1.064155676792426,-0.8933079362068667,-0.32980993106251516,0.5671711063812003
0.6212619269670315,1.5676375488688856,1.3690556052376086,0.9201215796314578,1.7450294049237265,0.4801487925004244,1.360590652581359,1.3300990717640033
0.4067058381108134,0.9098551905865155,0.869856730547572,0.2620300886366475,0.49444500631521543,-0.3799958254778791,-0.4463892816586444,-0.13322177987186493
0.5354394914245443,-0.7794495022750257,-1.7925372677992906,0.7693089462784805,-1.2841639161502225,1.3541667107687005,0.8797008313723258,-0.2958129856091836
-2.797331755475377,-1.9754174264247895,0.20425823096085632,-2.2332334813853416,0.5778172995557829,-0.7129550324372224,0.3696661725142603,1.280071008460213
0.6641731447382752,1.1639983744683404,0.8421234597314587,0.7281782280913048,0.8557249436910075,0.10556968467116323,0.26765924074264724,0.1794536157768249
-1.123794262396876,-0.0020703515776793013,1.2026559803409298,-2.315494917759693,1.064155676792426,-3.1269092828924614,-1.3790240864276784,0.9924096444634184
0.7356918410236812,-0.7794495022750257,-1.8480038094315168,0.8652806220485569,-1.2841639161502225,1.2709269090288648,0.8359835748987773,-0.3333340330870264
0.8501217550803308,-0.19641513925201592,-1.0160056849481223,0.6184963129255031,-1.3675362093907901,0.646628395980096,-0.4026720251850959,-1.1337830459476723
-2.153663488906723,-1.2877358700386754,0.19039159555279975,-1.5614317509948061,0.6195034461760666,-0.3799958254778791,0.47167310428587345,0.9673956128115232
-0.2798736462290846,-0.5701551155488171,-0.26720737291306723,-0.5880047538983159,-0.6866624812594895,-0.4632356272177149,-0.8981342652186453,-0.3208270172610788
0.17784600999751404,0.7753087991196672,1.0223897200361942,-0.7251071478555681,0.8418295614842463,-1.9754253588247324,-1.0147136158147745,0.4796219955995671
-3.3122663687303007,-2.5285525913440554,0.01012533524806426,-2.000159411658013,0.6750849750031115,0.036203183221300055,0.9525629254949066,1.4176481825456364
-2.8831541910178644,-1.2428870728830592,0.8837233659556285,-2.946165929963053,1.0363649123789036,-1.989298659114705,-0.1403684863438051,1.2925780242861606
0.3924020988537322,0.5062160161859703,0.3706578558575352,0.4265529613853501,0.5083403885219767,0.32754248931072544,0.47167310428587345,0.3045237740363008
0.6784768839953563,-0.525306318393201,-1.4736046534139893,0.37171200380244923,-2.1734683773829415,0.41078229105056124,-0.9272791028676776,-1.846682948026685
0.32088340256832615,-0.7196511060675376,-1.9034703510637432,0.5910758341340526,-1.3675362093907901,1.0767007049692479,0.8214111560742612,-0.20826387482755046
1.1648040187361175,0.6557120067046908,-0.2394741020969541,0.8241499038613813,-1.6871300001462983,0.25817598786086227,-1.816196651163163,-2.85975122992844
-0.9092381735406578,-1.511979855816756,-0.8912059662756131,-0.38235116296243765,-0.17253333960932382,0.7021215971399867,0.996280181968455,0.7672833595963617
-2.5541681881049967,-2.872393369537112,-0.8218727892353302,-1.5614317509948061,-0.005788753128189014,0.29979588873078017,0.8505559937232935,1.1424938343747895
0.6212619269670315,0.6706616057565629,-0.03147457097610547,1.0983546917758855,0.5917126817625441,1.2015604075790016,1.3897354902303913,0.5171430430774099
-0.5230372135994652,-0.3160119316669923,0.09332514769640371,-0.4097716417538881,0.24432812659351322,-0.03316331822856313,0.427955847812325,0.4796219955995671
-1.338350351253094,-0.6000543136525612,0.35679122044947864,-0.5742945145025906,0.8835157081045301,0.1333162852511085,0.8797008313723258,1.0299306919412612
0.9073367121086557,-0.7644999032231538,-2.84640155881159,1.1394854099630614,-1.9789330264882843,1.5206463142483722,0.9671353443194227,-0.7085445078654542
-1.123794262396876,-0.4505583231338407,0.606390657794497,-1.5888522297862566,0.6611895927963503,-1.4621132480957448,-0.43181686283412823,0.7047482804666237
0.9073367121086557,0.9397543886902597,0.8282568243234022,0.12492769467939534,-0.21421948622960754,-1.378873446355909,-2.7342590371076807,-1.3714163466406766
-0.2512661677149222,-1.0485422852087227,-0.405873726993633,-1.1227040903315992,-1.131314711875849,-0.9210545367868119,-1.5976103687954206,-0.6960374920395066
0.5783507091957879,0.401568822822866,0.41225776208170495,-0.2726692477966359,-0.5477086591918772,-1.2540137437461552,-2.3262313100212286,-1.171304093425515
0.22075722776875767,-0.8242982994306419,-1.6954708199428945,0.5088143977597014,-1.0757331830488042,0.9795876029394394,0.6756869678290996,-0.3083200014351312
0.9645516691369805,0.8500567943790274,0.24585813718502603,0.8652806220485569,-0.770034774500057,0.34141578960069807,-0.883561846394129,-1.8967110113304755
0.7786030587949249,0.9696535867940038,0.703457105650893,0.48139391896825096,0.3971773308678868,-0.26900942315809795,-0.49010653813219285,-0.24578492230539326
1.279233932792767,0.8799559924827715,-0.11467438342444491,1.0160932554015343,-1.3397454449772677,0.4385288916305065,-1.437313761725743,-2.584596881757593
-1.3526540905101754,-0.5851047146006891,0.509324209938101,-0.6428457114812167,1.0919464412059485,0.21655608699094434,1.083714694915552,1.405141166719689
0.7499955802807624,0.8500567943790274,0.8421234597314587,0.01524577951359361,-0.033579517541711484,-0.9210545367868119,-1.4227413429012268,-0.6460094287357162
-3.827200981985224,-1.8558206340098131,0.6895904702428365,-2.1646822844067155,1.3420633209276507,-0.11640311996839896,1.2731561396342619,1.6302674515867455
-2.4397382740483473,-1.8707702330616853,0.25972477259308263,-2.7130918602357244,0.2026419799732295,-1.6702127524453343,-0.6795479828509029,0.8548324703779948
1.0360703654223866,0.9995527848977479,0.39839112667364834,1.1120649311716109,0.04979277569885592,0.7159948974299593,-0.21323058046638588,-0.8836427294287205
-3.5125187183294377,-1.7063246434910928,0.7311903764670061,-2.6856713814442736,1.1058418234127099,-1.0181676388166203,0.529962779583938,1.5051972933272697
-0.29417738548616584,-0.22631433735576,-0.14240765424055807,-0.17669757202655942,0.03589739349209469,0.1610628858310538,0.340521334865228,0.3170307898622484
0.6927806232524376,0.745409601015923,0.6479905640186667,0.41284272198962485,-0.2836963972634137,-0.2135162219982074,-1.3207344111296138,-1.3964303782925718
0.9073367121086557,-0.7495503041712817,-2.8325349234035335,1.1531956493587865,-1.9789330264882843,1.5206463142483722,0.9671353443194227,-0.7085445078654542
-0.8663269557694142,0.07267764368168093,0.9530565429959114,-0.6839764296683923,1.1336325878262323,-0.6435885309873591,0.44252826663684114,1.1800148818526321
-0.780504520226927,-0.0020703515776793013,0.6341239286106102,0.028956018909318825,1.1614233522397548,0.4801487925004244,1.258583720809746,1.1800148818526321
0.6069581877099504,-0.046919148733295446,-1.0714722265803487,0.9064113402357326,-0.4643363659513098,1.0212075038093573,1.0399974384420034,0.05438345751734896
0.1206310529691892,0.027828846526064793,0.17652496014474317,-0.012174699277856822,-0.005788753128189014,-0.019290017938590493,-0.03836155457219202,0.016862410039506184
0.9645516691369805,1.1191495773127242,0.6341239286106102,1.0298034947972596,0.09147892231913964,0.49402209279039705,-0.12579606751928896,-0.9336707927325109
0.02050487816962075,0.10257684178542503,-0.2533407375050107,0.6047860735297779,0.34159580204084183,0.9102211014895761,1.258583720809746,0.7172552962925713
-1.123794262396876,-0.3758103278744805,0.5509241161622707,-1.5614317509948061,0.702875739416634,-1.5592263501255532,-0.5192513757812252,0.87984650202989
-1.338350351253094,-0.6000543136525612,0.4815909391219878,-0.6428457114812167,1.064155676792426,0.21655608699094434,1.0691422760910358,1.3801271350677937
-0.7948082594840081,0.13247603988916912,1.0085230846281377,-0.6976866690641176,1.1336325878262323,-0.6990817321472497,0.3696661725142603,1.1550008502007372
0.049112356683783165,-1.5418790539205003,-2.638402027690742,0.33058128561527356,-1.9372468798680007,0.993460903229412,0.529962779583938,-0.45840419134650234
-0.723289563198602,0.012879247474192746,0.5786573869783839,-0.7662378660427437,0.8140387970707238,-0.7684482335971129,0.10736263367296954,0.8048044070742045
-0.5087334743423839,-0.6299535117563053,-0.43360699780974615,0.028956018909318825,0.13316506893942334,0.5911351948202055,0.9379905066703904,0.7422693279444665
0.17784600999751404,0.8500567943790274,1.1887893449328732,-0.5605842751068655,0.9946787657586199,-1.6147195512854438,-0.9855687781657422,0.5046360272514623
1.3078414113069294,0.8799559924827715,-0.059207841792218614,1.0160932554015343,-1.3536408271840288,0.4246555913405339,-1.4810310181992914,-2.54707583427975
0.37809835959665095,0.9995527848977479,0.9669231784039679,0.4676836795725257,1.2864817921006058,0.17493618612102643,0.7485490619516804,0.8423254545520472
0.9359441906228181,1.2387463697277006,0.6618571994267233,1.180616128150237,0.49444500631521543,0.7298681977199319,0.427955847812325,-0.345841048912974
0.2922759240541637,0.5211656152378423,0.3706578558575352,0.39913248259389966,0.46665424190169297,0.34141578960069807,0.44252826663684114,0.267002726558458
0.9788554083940617,0.8500567943790274,0.24585813718502603,0.8652806220485569,-0.7839301567068182,0.34141578960069807,-0.883561846394129,-1.8967110113304755
-1.338350351253094,-2.334207803669719,-1.3349382993334236,-1.1227040903315992,-1.006256272014998,0.0916963843811906,0.06364537719942107,0.35455183734009116
0.3351871418254073,1.074300780157108,1.2719891573812125,-0.20411805081800982,1.1614233522397548,-1.0042943385266476,-0.15494090516832126,0.8173114229001521
0.4067058381108134,-0.06186874778516749,-1.0853388619884052,0.8241499038613813,-0.45044098374454855,1.146067206419111,1.1420043702136167,0.20446764742872006
0.3351871418254073,0.9248047896383876,0.7311903764670061,0.5773655947383275,1.0085741479653811,0.4246555913405339,0.9525629254949066,0.7797903754223093
-2.768724276961215,-1.8857198321135573,0.24585813718502603,-2.2469437207810667,0.5500265351422604,-0.8516880353369487,0.29680407839167955,1.1550008502007372
0.13493479222627042,0.027828846526064793,0.17652496014474317,-0.025884938673582037,-0.005788753128189014,-0.019290017938590493,-0.03836155457219202,0.029369425865453776
-1.5815139186234746,-2.797645374277752,-1.6261376429026115,-0.3686409235667124,-0.07526566416199519,1.146067206419111,1.550032097300069,1.2300429451564225
-0.4229110387998967,-0.5851047146006891,-0.5861399872983685,0.0975072158879449,-0.005788753128189014,0.7159948974299593,1.0108526007929712,0.667227232988781
0.6212619269670315,0.8500567943790274,0.6341239286106102,0.3854222431981744,0.31380503762731937,-0.18576962141826214,-0.4172444440096121,-0.20826387482755046
0.9788554083940617,0.8650063934308995,0.2181248663689129,0.8789908614442822,-0.7978255389135794,0.3552890898906707,-0.8544170087450967,-1.909218027156423
1.2363227150215235,1.1490487754164684,0.45385766830587465,1.249167325128863,0.07758354011237839,0.8269812997497403,-0.1403684863438051,-0.8961497452546681
0.9502479298798994,-0.046919148733295446,-1.0021390495400657,0.8515703826528317,-1.3814315915975512,0.8824745009096309,-0.28609267458896664,-1.3213882833368862
0.8930329728515745,1.2387463697277006,0.6479905640186667,1.2765878039203133,1.0780510589991874,1.0628274046792752,1.2731561396342619,0.6297061855109382
0.9788554083940617,-0.15156634209639977,-1.9866701635120825,1.0023830160058091,-2.6598067546195847,1.0628274046792752,-0.31523751223799895,-2.409498660194327
0.649869405481194,1.1639983744683404,0.8559900951395154,0.7007577492998543,0.8835157081045301,0.07782308409121796,0.2822316595671634,0.20446764742872006
-1.9820186178217485,-1.4073326624536517,0.30132467881725233,-1.4380395964332793,0.7862480326572013,-0.22738952228818005,0.6756869678290996,1.3801271350677937
0.993159147651143,1.1340991763645962,0.6202572932025535,1.05722397358871,0.06368815790561716,0.535641993660315,-0.09665122987025665,-0.958684824384406
0.2493647062829201,-1.452181459609268,-2.6106687568746283,0.4265529613853501,-1.9511422620747618,1.1599405067090836,0.6028248737065188,-0.42088314386865955
1.5223975001631476,1.2686455678314448,-0.059207841792218614,1.5096618736476421,-1.3814315915975512,0.9657143026494668,-0.7669824957979998,-2.822230182450597
0.32088340256832615,0.9846031858458758,1.1333228033006468,-0.053305417465032465,1.064155676792426,-0.879434635916894,-0.32980993106251516,0.5671711063812003
-1.123794262396876,-1.0784414833124667,0.17652496014474317,-1.8630570177007608,-0.3253825438836974,-1.6285928515754164,-1.437313761725743,0.12942555247303453
-0.43721477805697795,0.14742563894104116,0.703457105650893,-0.5194535569196898,0.8001434148639626,-0.6019686301174413,0.06364537719942107,0.7422693279444665
0.3924020988537322,-0.10671754494078363,-1.1269387682125749,0.8241499038613813,-0.45044098374454855,1.1738138069990562,1.1711492078626489,0.24198869490656286
0.449617055882057,-0.21136473830388797,-0.9466725079078394,0.5088143977597014,-1.3536408271840288,0.535641993660315,-0.3880996063605798,-1.3338952991628337
-0.4801259958282216,-0.6897519079637935,-0.47520690403391586,-0.012174699277856822,0.09147892231913964,0.535641993660315,0.8651284125478096,0.5546640905552527
1.5080937609060665,1.4928895536095255,0.3706578558575352,1.6056335494177185,-0.950674743187953,0.9518410023594941,-0.9272791028676776,-3.1223985622733395
0.2636684455400013,0.9397543886902597,1.355188969829552,-0.8073685842299193,1.064155676792426,-1.9615520585347597,-0.9855687781657422,0.6797342488147285
1.0503741046794677,1.6274359450763738,1.0362563554442508,1.4274004372732907,1.2725864098938446,1.0073342035193846,1.2148664643361973,0.4671149797736195
0.17784600999751404,0.8500567943790274,1.1887893449328732,-0.5468740357111402,1.0085741479653811,-1.6285928515754164,-0.9855687781657422,0.5171430430774099
0.6069581877099504,0.8201575962752833,0.6202572932025535,0.358001764406724,0.2860142732137969,-0.1718963211282895,-0.4172444440096121,-0.22077089065349806
-1.2096166979393632,-0.4206591250300966,0.35679122044947864,-0.6154252326897663,0.8140387970707238,-0.060909918808508406,0.7485490619516804,1.0424377077672087
0.14923853148335162,-0.9737942899493623,-1.1685386744367445,-0.3549306841709872,-1.8677699688341944,-0.11640311996839896,-1.33530682995413,-1.3714163466406766
0.4782245343962194,0.9547039877421317,0.4954575745300444,1.1120649311716109,1.1475279700329934,1.1738138069990562,1.6957562855452306,1.0674517394191039
-0.00810260034454167,0.07267764368168093,-0.19787419587278438,0.5636553553426022,0.3832819486611256,0.8824745009096309,1.2440113019852297,0.7422693279444665
0.17784600999751404,0.8500567943790274,1.2026559803409298,-0.5468740357111402,1.0085741479653811,-1.6285928515754164,-0.9855687781657422,0.5171430430774099
-0.00810260034454167,0.027828846526064793,0.13492505392057344,0.05637649770076925,0.06368815790561716,0.07782308409121796,0.04907295837490491,0.1544395841249297
0.3351871418254073,1.0892503792089803,1.285855792789269,-0.1629873326308342,1.1892141166532773,-1.0042943385266476,-0.16951332399283742,0.8173114229001521
0.3351871418254073,0.9995527848977479,1.1471894387087034,-0.03959517806930725,1.0780510589991874,-0.8933079362068667,-0.32980993106251516,0.5796781222071479
-1.123794262396876,-0.36086072882260845,0.5509241161622707,-1.5614317509948061,0.702875739416634,-1.5592263501255532,-0.5192513757812252,0.8673394862039424
1.3793601075923356,1.0294519830014919,-0.3642738207694633,1.4136901978775656,-1.7427115289733435,0.9240944017795488,-0.9564239405167099,-3.2099476730549727
0.5497432306816254,0.5959136104972026,0.5370574807542141,0.0015355401178683943,-0.08916104636875642,-0.6019686301174413,-1.14586538523542,-0.5709673337800306
0.4353133166249758,0.8052079972234113,0.9669231784039679,-0.13556685383938377,0.04979277569885592,-0.9488011373667572,-1.3935965052521946,-0.683530476213559
-0.8377194772552518,-1.5418790539205003,-0.8912059662756131,-0.656555950876942,-0.45044098374454855,0.3969089907605886,0.3988110101632927,0.3045237740363008
0.2493647062829201,0.057728044629808885,0.14879168932863002,-0.24524876900518547,-0.2836963972634137,-0.5187288283776055,-1.0292860346392907,-0.4959252388243451
0.23506096702583887,0.04277844557793684,0.13492505392057344,-0.24524876900518547,-0.2836963972634137,-0.5187288283776055,-1.0292860346392907,-0.4834182229983975
-3.827200981985224,-1.8707702330616853,0.6757238348347798,-2.1646822844067155,1.3420633209276507,-0.11640311996839896,1.2731561396342619,1.6802955148905359
0.8358180158232497,1.044401582053364,0.8421234597314587,0.4539734401768005,0.4388634774881705,-0.31062932402801585,-0.46096170048316054,-0.20826387482755046
1.3221451505640107,0.9995527848977479,0.2735914080011392,1.1669058887545116,-0.5754994236053996,0.6188817954001508,-1.0001411969902583,-1.696598758115314
0.9645516691369805,1.01450238394962,0.897590001363685,0.20718913105374662,-0.14474257519580136,-1.337253545485991,-2.6905417806341325,-1.3714163466406766
0.7356918410236812,1.2088471716239566,0.6757238348347798,0.9612522978186334,0.7723526504504401,0.6188817954001508,0.7339766431271643,0.24198869490656286
1.0360703654223866,0.8949055915346436,0.07945851228834713,1.0023830160058091,-0.6171855702256833,0.5217686933703424,-0.8252721710960644,-1.82166891637479
-0.051013818115785294,-0.39075992692635253,-0.1285410188325015,-0.39606140235816284,-0.4365456015377873,-0.2967560237380432,-0.6212583075528383,-0.2707989539572884
0.34949088108248855,0.6407624076528188,0.606390657794497,-0.012174699277856822,-0.07526566416199519,-0.8239414347570034,-1.4081689240767106,-0.7585725711692445
-2.1822709674208856,-1.3774334643499078,0.39839112667364834,-1.424329357037554,0.7862480326572013,-0.3383759246079611,0.5591076172329703,1.1174798027228943
1.3650563683352543,1.044401582053364,0.23199150177696948,1.180616128150237,-0.6032901880189221,0.6605016962700687,-0.9418515216921937,-1.721612789767209
0.2779721847970825,-1.766123039698581,-2.9018681004438167,0.4265529613853501,-2.256840670623509,1.2015604075790016,0.4862455231103896,-0.6084883812578734
-2.725813059189971,-1.9006694311654293,0.12105841851251686,-2.2195232419896165,0.4388634774881705,-0.7129550324372224,0.3113764972161957,1.0799587552450516
-1.2525279157106068,-0.43560872408196866,0.3845244912655918,-0.6291354720854915,0.8696203258977688,-0.047036618518535765,0.806838737249745,1.0799587552450516
0.49252827365330065,0.9248047896383876,0.4261243974897615,1.0846444523801604,1.0780510589991874,1.1738138069990562,1.652039029071682,0.9298745653336804
0.17784600999751404,0.9995527848977479,1.327455699013439,-0.17669757202655942,1.300377174307367,-0.990421038236675,-0.21323058046638588,0.942381581159628
0.17784600999751404,0.7753087991196672,1.0362563554442508,-0.7251071478555681,0.8557249436910075,-1.9754253588247324,-1.0147136158147745,0.4671149797736195
-1.338350351253094,-0.5701551155488171,0.6202572932025535,-0.5605842751068655,1.1336325878262323,0.2026827867009717,1.0545698572665196,1.3801271350677937
0.19214974925459524,0.7902583981715392,1.0501229908523073,-0.7113969084598428,0.8696203258977688,-1.989298659114705,-1.0292860346392907,0.4546079639476719
-1.1524017409110383,-0.3758103278744805,0.8421234597314587,-1.5751419903905313,0.7723526504504401,-1.4621132480957448,-0.3880996063605798,0.8423254545520472
-0.6374671276561148,0.027828846526064793,0.703457105650893,-0.7388173872512932,0.8974110903112913,-0.7268283327271949,0.20936956544458263,0.8298184387260997
0.9645516691369805,0.8500567943790274,0.24585813718502603,0.8652806220485569,-0.770034774500057,0.32754248931072544,-0.883561846394129,-1.8967110113304755
-1.1524017409110383,-0.06186874778516749,1.0223897200361942,-1.4106191176418288,1.1336325878262323,-1.4066200469358543,-0.1403684863438051,1.1049727868969468
-0.03671007885870409,0.35672002566724986,1.0778562616684206,-1.424329357037554,0.5917126817625441,-2.946556379122817,-2.369948566494777,0.24198869490656286
0.8787292335944933,0.8052079972234113,0.3706578558575352,0.7830191856742057,-0.6310809524324446,0.2720492881508349,-0.9855687781657422,-1.8341759322007374
0.20645348851167647,-0.8242982994306419,-1.6538709137187249,0.4402632007810753,-1.0757331830488042,0.9102211014895761,0.6028248737065188,-0.3208270172610788
0.09202357445502679,0.9248047896383876,0.9391899075878548,0.8241499038613813,1.5643894362358306,0.9518410023594941,1.7103287043697466,1.405141166719689
-0.9664531305689826,-1.5867278510761162,-0.9189392370917263,-0.6017149932940411,-0.49212713036483224,0.23042938728091697,0.427955847812325,0.4421009481217243
-0.6946820846844397,0.027828846526064793,0.5786573869783839,-0.7662378660427437,0.8140387970707238,-0.7545749333071402,0.10736263367296954,0.8048044070742045
0.8501217550803308,1.6124863460245018,1.230389251157043,1.194326367545962,1.5088079074087857,0.646628395980096,1.1711492078626489,0.8298184387260997
0.02050487816962075,0.7155104029121789,0.9807898138120246,-0.6702661902726672,0.8696203258977688,-1.8783122567949238,-1.0292860346392907,0.6046921538590431
0.106327313712108,0.5959136104972026,0.5509241161622707,0.5088143977597014,0.9529926191383362,0.5633885942402602,1.185721626687165,0.8298184387260997
0.792906798052006,0.8799559924827715,0.3290579496333655,0.9475420584229083,-0.047474899748472715,0.5217686933703424,-0.19865816164186972,-0.9962058718622487
0.3637946203395698,-1.452181459609268,-2.527468944426289,0.5088143977597014,-1.9372468798680007,1.2015604075790016,0.5591076172329703,-0.558460317954083
0.2636684455400013,-1.796022237802325,-2.9157347358518733,0.41284272198962485,-2.256840670623509,1.187687107289029,0.4862455231103896,-0.620995397083821
0.7642993195378436,1.5526879498170136,1.2442558865650994,0.9612522978186334,1.6060755828561142,0.4246555913405339,1.2294388831607135,1.1174798027228943
0.22075722776875767,0.8351071953271554,0.9530565429959114,-0.2863794871923611,0.9668880013450974,-0.9488011373667572,-0.09665122987025665,0.6922412646406761
-0.8520232165123329,-1.796022237802325,-1.0576055911722921,-1.232386005497401,-1.2841639161502225,-0.4354890266377696,-0.883561846394129,-0.24578492230539326
1.2077152365073611,1.358343162142677,0.6618571994267233,1.3588492402946648,0.5500265351422604,0.8824745009096309,0.427955847812325,-0.2958129856091836
0.3351871418254073,-0.7196511060675376,-1.8896037156556866,0.5910758341340526,-1.3675362093907901,1.0489541043893025,0.806838737249745,-0.22077089065349806
0.8215142765661685,0.401568822822866,-0.5445400810741987,0.933831819027183,-0.5754994236053996,0.8131079994597677,0.35509375368974416,-0.5959813654319258
0.8358180158232497,-0.21136473830388797,-1.0160056849481223,0.6184963129255031,-1.3536408271840288,0.646628395980096,-0.4026720251850959,-1.1212760301217246
0.993159147651143,1.2387463697277006,0.3845244912655918,1.4685311554604665,0.9807833835518587,1.3541667107687005,1.5354596784755528,0.6547202171628334
-1.195312958682282,-0.4206591250300966,0.3429245850414221,-0.6154252326897663,0.7862480326572013,-0.060909918808508406,0.719404224302648,1.0299306919412612
0.20645348851167647,-0.8242982994306419,-1.6677375491267814,0.48139391896825096,-1.0757331830488042,0.9379677020695214,0.6465421301800673,-0.3083200014351312
1.1505002794790362,0.6407624076528188,-0.22560746668889753,0.8241499038613813,-1.6732346179395372,0.25817598786086227,-1.830769069987679,-2.85975122992844
0.8501217550803308,0.9248047896383876,0.30132467881725233,1.0298034947972596,-0.07526566416199519,0.6050084951101782,-0.1112236486947728,-1.021219903514144
-1.1810092194252009,-0.3459111297707364,0.9530565429959114,-1.5203010328076305,0.7862480326572013,-1.4343666475157995,-0.46096170048316054,0.9673956128115232
0.37809835959665095,-0.19641513925201592,-1.0714722265803487,0.7555987068827552,-0.42265021933102603,1.0905740052592205,0.9817077631439389,-0.008151621612388998
-0.3943035602857343,-0.5701551155488171,-0.3642738207694633,-0.053305417465032465,0.04979277569885592,0.4662754922104518,0.6611145490045834,0.4921290114255147
-2.0535373141071545,-0.6897519079637935,0.9946564492200811,-2.767932817818625,0.9529926191383362,-2.641343772743419,-0.883561846394129,1.1174798027228943
0.37809835959665095,-1.3624838652980356,-2.472002402794063,0.2620300886366475,-2.5903298435857787,0.7714880985898498,-0.3735271875360636,-1.4339514257704145
-1.4241727867955813,-0.854197497534386,0.6479905640186667,-2.2332334813853416,0.36938656645436435,-2.141904962304404,-1.1750102228844521,0.6297061855109382
0.4067058381108134,-0.07681834683703954,-1.0714722265803487,0.8241499038613813,-0.4643363659513098,1.03508080409933,1.1128595325645843,0.1794536157768249
0.8072105373090872,0.745409601015923,0.6895904702428365,0.0015355401178683943,-0.033579517541711484,-0.9349278370767845,-1.437313761725743,-0.620995397083821
0.5068320129103818,0.14742563894104116,-0.47520690403391586,0.6596270311126787,-0.5199178947783547,0.6188817954001508,0.23851440309361494,-0.4959252388243451
-1.2382241764535256,-0.3758103278744805,1.0362563554442508,-1.5751419903905313,0.9252018547248138,-1.4204933472258268,-0.43181686283412823,1.092465771070999
-0.780504520226927,0.027828846526064793,0.7173237410589496,-0.0807258962564829,1.2864817921006058,0.4385288916305065,1.2731561396342619,1.3676201192418462
-0.2512661677149222,-1.0634918842605947,-0.405873726993633,-1.108993850935874,-1.131314711875849,-0.9349278370767845,-1.5976103687954206,-0.6960374920395066
-0.780504520226927,0.027828846526064793,0.7173237410589496,-0.0807258962564829,1.2725864098938446,0.4385288916305065,1.2731561396342619,1.3676201192418462
-0.7518970417127645,-0.0020703515776793013,0.7589236472831193,-0.6976866690641176,1.0224695301721423,-0.6990817321472497,0.16565230897103417,1.0799587552450516
0.20645348851167647,-0.22631433735576,0.09332514769640371,-0.7936583448341941,-0.9228839787744305,-1.295633644616073,-2.107645027653486,-0.9836988560363011
-0.780504520226927,0.027828846526064793,0.869856730547572,-0.6839764296683923,1.1058418234127099,-0.6297152306973866,0.2822316595671634,1.1424938343747895
0.5354394914245443,0.9248047896383876,0.6618571994267233,0.7555987068827552,0.9807833835518587,0.5495152939502876,0.7631214807761966,0.5671711063812003
0.5640469699387067,0.29692162945976164,-0.4613402686258593,0.7967294250699308,-0.49212713036483224,0.7853613988798225,0.3696661725142603,-0.5084322546502927
0.42100957736789457,0.8201575962752833,0.7311903764670061,0.28945056742809794,0.3971773308678868,-0.3383759246079611,-0.4755341193076767,-0.20826387482755046
1.2506264542786047,0.8799559924827715,0.06559187688029056,0.9201215796314578,-1.2980592983569839,0.23042938728091697,-1.5830379499709046,-2.472033739324065
0.09202357445502679,0.41651842187473803,0.6618571994267233,-0.2726692477966359,0.6611895927963503,-0.6158419304074139,-0.3735271875360636,0.3170307898622484
1.2363227150215235,1.1490487754164684,0.45385766830587465,1.2354570857331377,0.07758354011237839,0.8269812997497403,-0.1403684863438051,-0.8961497452546681
0.5354394914245443,0.5660144123934585,0.5231908453461576,-0.025884938673582037,-0.1169518107822789,-0.6019686301174413,-1.14586538523542,-0.5709673337800306
0.9073367121086557,0.9248047896383876,0.8143901889153456,0.12492769467939534,-0.22811486843636877,-1.378873446355909,-2.7342590371076807,-1.3714163466406766
1.0932853224507113,1.2985447659351887,0.703457105650893,1.249167325128863,0.49444500631521543,0.7992346991697951,0.47167310428587345,-0.2958129856091836
-2.082144792621317,-0.6748023089119214,1.0223897200361942,-2.7816430572143505,0.9668880013450974,-2.6552170730333917,-0.883561846394129,1.129986818548842
0.32088340256832615,0.401568822822866,0.30132467881725233,0.16605841286657097,0.17485121555970703,-0.08865651938845368,-0.3006650934134828,-0.1582358115237601
0.7786030587949249,0.9696535867940038,0.5231908453461576,0.9064113402357326,0.06368815790561716,0.45240219192047915,-0.21323058046638588,-0.8836427294287205
0.9073367121086557,1.2237967706758286,0.6757238348347798,1.1394854099630614,0.5083403885219767,0.688248296850014,0.3988110101632927,-0.3333340330870264
-0.43721477805697795,-0.6897519079637935,-0.43360699780974615,-0.03959517806930725,0.1192696867326621,0.5495152939502876,0.8505559937232935,0.5296500589033575
0.49252827365330065,0.6407624076528188,0.509324209938101,0.028956018909318825,-0.01968413533495025,-0.8655613356269214,-1.4810310181992914,-0.7085445078654542
0.7356918410236812,-0.7943991013268978,-1.8480038094315168,0.8652806220485569,-1.2841639161502225,1.2709269090288648,0.8505559937232935,-0.3208270172610788
-0.46582225657114035,-1.183088676675571,-0.5584067164822554,-1.1227040903315992,-1.2007916229096551,-0.8516880353369487,-1.539320693497356,-0.6335024129097686
-1.3526540905101754,-0.5701551155488171,0.5231908453461576,-0.5605842751068655,1.0085741479653811,0.1333162852511085,0.9379905066703904,1.1550008502007372
0.6355656662241127,0.6706616057565629,-0.04534120638416204,1.1120649311716109,0.5917126817625441,1.2015604075790016,1.4188803278794235,0.5171430430774099
0.6212619269670315,0.8949055915346436,0.5231908453461576,0.8927011008400074,0.7862480326572013,0.7437414980099045,0.9234180878458742,0.4921290114255147
-0.43721477805697795,-0.6449031108081773,-0.5168068102580856,0.05637649770076925,0.022002011285333457,0.6050084951101782,0.9379905066703904,0.5921851380330955
0.2636684455400013,-1.46713105866114,-2.6106687568746283,0.4676836795725257,-1.9372468798680007,1.187687107289029,0.617397292531035,-0.5084322546502927
0.07771983519794558,0.8799559924827715,0.8005235535072891,0.7967294250699308,1.4393309963749794,0.9240944017795488,1.652039029071682,1.2050289135045273
0.37809835959665095,0.6258128086009467,0.5925240223864404,0.01524577951359361,-0.08916104636875642,-0.7961948341770582,-1.437313761725743,-0.7585725711692445
-1.6530326149088808,-1.2129878747793152,0.4954575745300444,-2.562279226882747,0.17485121555970703,-2.308384565784076,-1.5101758558483238,0.5421570747293051
1.064677843936549,0.9397543886902597,0.2874580434091958,0.9201215796314578,-0.7561393922932957,0.34141578960069807,-0.8106997522715482,-1.8091619005488422
-0.4229110387998967,-0.5851047146006891,-0.5584067164822554,0.01524577951359361,0.03589739349209469,0.7437414980099045,0.9379905066703904,0.5046360272514623
0.6927806232524376,1.0294519830014919,0.9530565429959114,0.3442915250109988,0.5361311529354992,-0.40774242605782435,-0.4026720251850959,-0.10820774821996973
-0.36569608177157187,-0.6299535117563053,-0.47520690403391586,0.028956018909318825,0.07758354011237839,0.7021215971399867,0.9234180878458742,0.4796219955995671
-0.8234157379981706,-1.4073326624536517,-0.9189392370917263,-0.656555950876942,-0.5060225125715935,0.4662754922104518,0.4571006854613573,0.35455183734009116
-0.9092381735406578,-1.0335926861568505,0.12105841851251686,-1.80821606011786,-0.4087548371242648,-1.684086052735307,-1.4810310181992914,0.016862410039506184
0.19214974925459524,1.0892503792089803,1.3829222406456652,-0.24524876900518547,1.3281679387208896,-0.990421038236675,-0.06750639222122433,1.004916660289366
1.136196540221955,1.0892503792089803,0.509324209938101,1.1394854099630614,0.1609558333529458,0.7021215971399867,-0.2423754181154182,-0.7960936186470873
0.8072105373090872,0.745409601015923,0.703457105650893,0.0015355401178683943,-0.033579517541711484,-0.9488011373667572,-1.4227413429012268,-0.620995397083821
-3.526822457586519,-1.6913750444392206,0.7311903764670061,-2.699381620839999,1.119737205619471,-1.0181676388166203,0.5445351984084542,1.5177043091532172
-0.32278486400032824,0.730460001964051,1.4522554176859481,-1.6574034267648827,1.2725864098938446,-3.3766286881119685,-1.5538931123218722,0.9548885969855756
-0.9664531305689826,-1.8707702330616853,-1.0437389557642354,-1.2186757661016758,-1.2702685339434614,-0.421615726347797,-0.7815549146225159,-0.20826387482755046
0.07771983519794558,0.8949055915346436,1.4522554176859481,-0.7388173872512932,1.1475279700329934,-1.8228190556350332,-1.14586538523542,0.87984650202989
0.14923853148335162,0.10257684178542503,0.13492505392057344,0.07008673709649448,0.07758354011237839,0.036203183221300055,-0.023789135747675865,0.04187644169140137
-0.10822877514411013,0.5361152142897144,1.1749227095248165,-1.232386005497401,0.7862480326572013,-2.6552170730333917,-1.9473484205838085,0.4421009481217243
-0.43721477805697795,-0.6449031108081773,-0.5306734456661422,0.05637649770076925,0.00810662907857222,0.6188817954001508,0.9379905066703904,0.5921851380330955
0.2922759240541637,1.01450238394962,1.230389251157043,-0.2589590084009107,1.1336325878262323,-0.990421038236675,-0.1403684863438051,0.8298184387260997
-3.526822457586519,-1.6913750444392206,0.7311903764670061,-2.6856713814442736,1.119737205619471,-1.032040939106593,0.5445351984084542,1.5177043091532172
-2.039233574850073,-1.2428870728830592,0.2874580434091958,-1.5614317509948061,0.8001434148639626,-0.2967560237380432,0.704831805478132,1.3175920559380558
-0.051013818115785294,0.08762724273355298,-0.17014092505667122,0.4539734401768005,0.41107271307464804,0.9240944017795488,1.2294388831607135,0.7172552962925713
0.5640469699387067,0.9995527848977479,0.9530565429959114,0.3031608068238231,0.4805496241084542,-0.3938691257678517,-0.4463892816586444,-0.14572879569781252
0.17784600999751404,0.745409601015923,0.5509241161622707,0.5362348765511518,0.939097236931575,0.5495152939502876,1.083714694915552,0.8423254545520472
-0.923541912797739,-0.40570952597822457,0.8282568243234022,-2.2058130025938913,0.3277004198340806,-2.821696676513063,-1.9764932582328407,0.41708691646982915
0.17784600999751404,0.11752644083729707,0.13492505392057344,0.08379697649221969,0.09147892231913964,0.036203183221300055,-0.023789135747675865,0.05438345751734896
0.2636684455400013,0.9995527848977479,1.2165226157489863,-0.2863794871923611,1.119737205619471,-0.990421038236675,-0.1403684863438051,0.8298184387260997
1.0360703654223866,1.6124863460245018,1.0362563554442508,1.4274004372732907,1.2725864098938446,0.993460903229412,1.2002940455116813,0.4796219955995671
0.4639207951391382,-0.21136473830388797,-1.0853388619884052,0.4676836795725257,-1.534280795871925,0.49402209279039705,-0.31523751223799895,-1.383923362466624
-0.23696242845784102,0.5211656152378423,0.7866569180992324,-0.10814637504793333,1.1336325878262323,-0.2135162219982074,0.6902593866536157,0.9673956128115232
-0.7948082594840081,0.14742563894104116,1.0223897200361942,-0.6976866690641176,1.1336325878262323,-0.6990817321472497,0.35509375368974416,1.1424938343747895
1.3650563683352543,1.0294519830014919,-0.3642738207694633,1.3999799584818404,-1.7427115289733435,0.9240944017795488,-0.9564239405167099,-3.2099476730549727
0.7070843625095188,-0.10671754494078363,-1.0437389557642354,0.9475420584229083,-0.478231748158071,1.0905740052592205,1.0108526007929712,0.004355394213558593
0.2922759240541637,0.9098551905865155,0.7450570118750628,0.549945115946877,1.0363649123789036,0.3969089907605886,0.9234180878458742,0.7922973912482569
0.8215142765661685,0.9696535867940038,0.3845244912655918,1.1531956493587865,0.6611895927963503,0.993460903229412,1.0108526007929712,0.2795097423844056
-2.2537896637062915,-2.6481493837590317,-0.7248063413789342,-2.000159411658013,-0.4365456015377873,-0.40774242605782435,-0.023789135747675865,0.7297623121185189
1.2649301935356858,1.5227887517132694,1.2165226157489863,0.7555987068827552,0.522235770728738,-1.0736608399765109,-2.340803728845745,-1.0962619984698294
0.9359441906228181,-0.046919148733295446,-1.0021390495400657,0.8515703826528317,-1.3814315915975512,0.8824745009096309,-0.28609267458896664,-1.3213882833368862
0.7213881017666,-0.09176794588891159,-1.0437389557642354,0.9475420584229083,-0.478231748158071,1.0905740052592205,0.996280181968455,-0.008151621612388998
1.064677843936549,1.2835951668833168,0.7311903764670061,1.2217468463374126,0.522235770728738,0.7714880985898498,0.4571006854613573,-0.2707989539572884
0.3924020988537322,-0.09176794588891159,-1.0992054973964618,0.8241499038613813,-0.4365456015377873,1.0767007049692479,1.1565767890381327,0.21697466325466766
0.7070843625095188,-0.8392478984825139,-1.87573708024763,0.8652806220485569,-1.2563731517367,1.3125468098987827,0.8651284125478096,-0.2958129856091836
1.1648040187361175,1.0892503792089803,0.4954575745300444,1.1669058887545116,0.14706045114618457,0.7298681977199319,-0.22780299929090203,-0.8211076502989825
-0.923541912797739,-1.0784414833124667,-0.0037413001599923153,-1.7945058207221347,-0.5199178947783547,-1.5869729507054984,-1.5101758558483238,-0.12071476404591733
-1.1667054801681196,-0.3459111297707364,0.9669231784039679,-1.5340112722033556,0.8001434148639626,-1.4343666475157995,-0.4755341193076767,0.9673956128115232
-0.6517708669131961,-0.0020703515776793013,0.6895904702428365,-0.7388173872512932,0.8974110903112913,-0.7268283327271949,0.22394198426909878,0.8423254545520472
-2.0535373141071545,-1.4222822615055237,0.4261243974897615,-1.3831986388503783,0.7584572682436789,-0.3245026243179885,0.5882524548820027,1.217535929330475
0.7786030587949249,-0.9887438890012344,-3.2069340794210612,1.0709342129844353,-2.326317581657315,1.492899713668427,0.9379905066703904,-0.7835866028211397
-0.36569608177157187,-1.108340681416211,-0.6138732581144817,-1.1227040903315992,-1.2285823873231776,-0.879434635916894,-1.5830379499709046,-0.7460655553432969
0.09202357445502679,0.41651842187473803,0.6618571994267233,-0.2726692477966359,0.6611895927963503,-0.6297152306973866,-0.3735271875360636,0.3170307898622484
0.6069581877099504,0.8949055915346436,0.5231908453461576,0.8927011008400074,0.7862480326572013,0.7298681977199319,0.9234180878458742,0.4921290114255147
-0.3943035602857343,-1.0784414833124667,-0.47520690403391586,-1.0678631327486985,-1.2007916229096551,-0.8239414347570034,-1.4956034370238076,-0.6710234603876114
0.9502479298798994,0.29692162945976164,-0.9882724141320092,1.0709342129844353,-1.2146870051164165,1.0212075038093573,0.22394198426909878,-1.233839172555253
0.37809835959665095,0.6258128086009467,0.5925240223864404,0.0015355401178683943,-0.08916104636875642,-0.8100681344670309,-1.437313761725743,-0.7585725711692445
0.3065796633112449,1.1789479735202124,1.258122521973156,0.23460960984519705,1.3976448497546956,-0.3799958254778791,0.427955847812325,1.0674517394191039
-3.3122663687303007,-2.5584517894477994,-0.04534120638416204,-2.000159411658013,0.702875739416634,0.05007648351127269,0.9817077631439389,1.405141166719689
-0.923541912797739,-1.497030256764884,-0.9744057787239526,-0.5880047538983159,-0.5616040413986384,0.383035690470616,0.47167310428587345,0.5796781222071479
-0.8520232165123329,-1.781072638750453,-1.0576055911722921,-1.232386005497401,-1.2841639161502225,-0.4354890266377696,-0.883561846394129,-0.24578492230539326
-1.0951867838827136,-0.3459111297707364,0.5647907515703273,-1.5614317509948061,0.6889803572098727,-1.5592263501255532,-0.5338237946057414,0.8548324703779948
-0.723289563198602,-0.046919148733295446,0.5647907515703273,-0.7388173872512932,0.8557249436910075,-0.6713351315673044,0.22394198426909878,0.8173114229001521
0.3924020988537322,0.13247603988916912,-0.405873726993633,0.6047860735297779,-0.38096407271074234,0.6188817954001508,0.13650747132200186,-0.4834182229983975
-1.3526540905101754,-0.555205516496945,0.3706578558575352,-0.6428457114812167,0.8696203258977688,0.1333162852511085,0.9088456690213581,1.0299306919412612
-0.46582225657114035,-1.168139077623699,-0.5445400810741987,-1.1227040903315992,-1.2007916229096551,-0.8516880353369487,-1.5247482746728398,-0.620995397083821
0.6212619269670315,1.044401582053364,1.0362563554442508,0.2620300886366475,0.6195034461760666,-0.5187288283776055,-0.35895476871154747,-0.02065863743833659
0.17784600999751404,0.8052079972234113,1.0085230846281377,-0.5880047538983159,0.8557249436910075,-1.947678758244787,-1.0147136158147745,0.4671149797736195
1.3650563683352543,1.059351181105236,-0.21174083128084095,1.3040082827117638,-1.492594649251641,0.8131079994597677,-0.7524100769734836,-2.822230182450597
0.14923853148335162,0.10257684178542503,0.13492505392057344,0.07008673709649448,0.09147892231913964,0.036203183221300055,-0.023789135747675865,0.05438345751734896
-1.123794262396876,-1.4222822615055237,-0.0730744772002752,-2.068710608636639,-0.658871716845967,-1.7534525541851702,-1.7870518135141307,-0.09570073239402214
1.3078414113069294,0.8650063934308995,-0.059207841792218614,1.0023830160058091,-1.3536408271840288,0.4385288916305065,-1.4810310181992914,-2.54707583427975
-2.024929835592992,-1.2279374738311872,0.17652496014474317,-1.5614317509948061,0.6195034461760666,-0.35224922489793375,0.4862455231103896,1.0424377077672087
-0.4086072995428155,-0.5701551155488171,-0.5584067164822554,0.028956018909318825,0.022002011285333457,0.7576147982998772,0.9525629254949066,0.4921290114255147
0.32088340256832615,0.5211656152378423,0.3845244912655918,0.41284272198962485,0.46665424190169297,0.34141578960069807,0.44252826663684114,0.24198869490656286
-0.9092381735406578,-1.482080657713012,-0.9744057787239526,-0.5880047538983159,-0.5616040413986384,0.383035690470616,0.47167310428587345,0.5796781222071479
0.17784600999751404,0.9995527848977479,0.9807898138120246,0.7007577492998543,1.5365986718223081,0.5772618945302329,1.4771700031774881,1.217535929330475
0.17784600999751404,0.745409601015923,0.5647907515703273,0.5362348765511518,0.939097236931575,0.5495152939502876,1.083714694915552,0.8423254545520472
0.5068320129103818,0.9696535867940038,0.46772430371393126,1.1531956493587865,1.119737205619471,1.187687107289029,1.6957562855452306,1.0424377077672087
1.3221451505640107,0.9995527848977479,0.2735914080011392,1.1669058887545116,-0.5616040413986384,0.6188817954001508,-1.0001411969902583,-1.696598758115314
0.6784768839953563,-0.046919148733295446,-0.7802728830111605,0.6322065523212282,-1.0896285652555653,0.6327550956901234,-0.21323058046638588,-1.0462339351660392
0.00620113891253954,0.6856112048084348,0.9669231784039679,-0.6839764296683923,0.8418295614842463,-1.8644389565049513,-1.0001411969902583,0.6046921538590431
0.8930329728515745,1.074300780157108,0.703457105650893,0.9201215796314578,0.17485121555970703,0.383035690470616,-0.22780299929090203,-0.8211076502989825
1.0217666261653053,0.700560803860307,-0.5168068102580856,1.2628775645245882,-0.5060225125715935,1.1738138069990562,0.719404224302648,-0.7210515236914018
-2.797331755475377,-1.9604678273729175,0.24585813718502603,-2.2058130025938913,0.5917126817625441,-0.7129550324372224,0.3988110101632927,1.2550569768083177
0.049112356683783165,-0.6000543136525612,-0.21174083128084095,-0.9856016963743471,-1.3258500627705063,-1.337253545485991,-2.457383079441874,-1.233839172555253
-1.0236680875973074,-1.1382398795199549,-0.04534120638416204,-1.80821606011786,-0.478231748158071,-1.600846250995471,-1.4810310181992914,0.04187644169140137
0.7499955802807624,0.745409601015923,0.606390657794497,0.04266625830504404,0.022002011285333457,-0.9071812364968392,-1.4810310181992914,-0.6585164445616638
1.0217666261653053,0.8799559924827715,0.07945851228834713,0.9886727766100839,-0.6171855702256833,0.5217686933703424,-0.8252721710960644,-1.82166891637479
-0.8806306950264954,-1.497030256764884,-0.8634726954595,-0.42348188114961327,-0.24201025064313,0.6188817954001508,0.8942732501968419,0.6922412646406761
0.4067058381108134,1.01450238394962,1.1055895324845337,-0.17669757202655942,1.0502602945856647,-0.9488011373667572,-0.1112236486947728,0.7297623121185189
1.3221451505640107,0.9995527848977479,0.2735914080011392,1.1120649311716109,-0.7005578634662507,0.5217686933703424,-0.970996359341226,-1.721612789767209
0.2922759240541637,0.8949055915346436,1.0085230846281377,-0.20411805081800982,1.0085741479653811,-0.990421038236675,-0.1403684863438051,0.667227232988781
0.6927806232524376,1.2088471716239566,1.0501229908523073,0.5910758341340526,0.9252018547248138,-0.047036618518535765,0.3113764972161957,0.32953780568819596
0.2779721847970825,0.4763168180822262,0.41225776208170495,0.37171200380244923,0.5083403885219767,0.3136691890207528,0.5008179419349057,0.35455183734009116
0.8501217550803308,0.23712323325227347,-0.4613402686258593,0.8927011008400074,-0.49212713036483224,0.8269812997497403,0.23851440309361494,-0.5334462863021878
-0.6517708669131961,0.027828846526064793,0.606390657794497,-0.7388173872512932,0.8418295614842463,-0.7129550324372224,0.18022472779555032,0.7797903754223093
0.5640469699387067,0.2819720304078896,-0.4474736332178027,0.7830191856742057,-0.478231748158071,0.7714880985898498,0.3696661725142603,-0.4959252388243451
-0.9378456520548202,-1.6465262472836044,-0.9050726016836697,-0.6291354720854915,-0.4365456015377873,0.23042938728091697,0.4571006854613573,0.39207288481793395
0.14923853148335162,0.10257684178542503,0.13492505392057344,0.07008673709649448,0.07758354011237839,0.036203183221300055,-0.03836155457219202,0.04187644169140137
0.5354394914245443,0.8052079972234113,0.8837233659556285,-0.0807258962564829,-0.01968413533495025,-0.9210545367868119,-1.3644516676031622,-0.6710234603876114
1.336448889821092,1.01450238394962,0.25972477259308263,1.1669058887545116,-0.5893948058121609,0.6327550956901234,-0.9855687781657422,-1.7091057739412616
0.9645516691369805,0.29692162945976164,-0.9882724141320092,1.0846444523801604,-1.2146870051164165,1.03508080409933,0.23851440309361494,-1.2463461883812006
-1.6673363541659618,-1.183088676675571,0.509324209938101,-2.575989466278472,0.17485121555970703,-2.3361311663640207,-1.4956034370238076,0.5546640905552527
0.42100957736789457,-0.10671754494078363,-1.0298723203561788,0.7555987068827552,-0.4643363659513098,0.9240944017795488,0.9525629254949066,0.04187644169140137
-0.4801259958282216,-0.6897519079637935,-0.48907353944197246,-0.012174699277856822,0.09147892231913964,0.535641993660315,0.8651284125478096,0.5546640905552527
0.649869405481194,-0.046919148733295446,-0.9882724141320092,0.9749625372143587,-0.478231748158071,1.2709269090288648,1.1565767890381327,0.04187644169140137
0.13493479222627042,0.9696535867940038,1.2997224281973259,-0.23153852960946025,1.2725864098938446,-0.990421038236675,-0.18408574281735357,0.9799026286374708
-1.2525279157106068,-0.43560872408196866,0.3706578558575352,-0.6291354720854915,0.8557249436910075,-0.047036618518535765,0.7922663184252289,1.0799587552450516
-3.4982149790723565,-1.7063246434910928,0.7173237410589496,-2.6719611420485485,1.1058418234127099,-1.0181676388166203,0.529962779583938,1.492690277501322
0.8072105373090872,0.9696535867940038,0.4954575745300444,0.9201215796314578,0.03589739349209469,0.4662754922104518,-0.18408574281735357,-0.9086567610806157
-0.4229110387998967,-0.6748023089119214,-0.4613402686258593,-0.025884938673582037,0.09147892231913964,0.5633885942402602,0.8651284125478096,0.5046360272514623
-0.8234157379981706,-1.5867278510761162,-0.9189392370917263,-0.6291354720854915,-0.45044098374454855,0.2720492881508349,0.3988110101632927,0.3170307898622484
0.5068320129103818,0.6258128086009467,0.509324209938101,0.028956018909318825,-0.01968413533495025,-0.8655613356269214,-1.4810310181992914,-0.7085445078654542
-2.1393597496496417,-1.2727862709868034,0.19039159555279975,-1.5751419903905313,0.6333988283828278,-0.3799958254778791,0.4862455231103896,0.9799026286374708
-2.3253083599916975,-1.2578366719349312,0.2735914080011392,-1.6025624691819818,0.702875739416634,-0.5048555280876328,0.5445351984084542,1.0174236761153135
-0.5087334743423839,-0.3010623326151203,0.06559187688029056,-0.4097716417538881,0.21653736217999076,-0.019290017938590493,0.44252826663684114,0.4546079639476719
0.49252827365330065,0.9098551905865155,0.4399910328978181,1.0709342129844353,1.0919464412059485,1.1738138069990562,1.652039029071682,0.942381581159628
1.3078414113069294,0.4314680209266101,-2.069869975960422,1.4959516342519168,-2.5208529325519726,1.451279812798509,0.4571006854613573,-2.4470197076721694
0.37809835959665095,-0.10671754494078363,-1.0992054973964618,0.8241499038613813,-0.4365456015377873,1.0767007049692479,1.1711492078626489,0.21697466325466766
0.449617055882057,-0.4505583231338407,-0.6554731643386513,-0.2863794871923611,-1.9233514976612394,-0.4771089275076875,-2.1513622841270346,-1.996767137938056
0.7213881017666,0.8500567943790274,0.8421234597314587,-0.012174699277856822,-0.01968413533495025,-0.9349278370767845,-1.4081689240767106,-0.6460094287357162
0.993159147651143,1.5526879498170136,1.16105607411676,1.1394854099630614,1.2309002632735608,0.45240219192047915,0.6611145490045834,0.4796219955995671
-0.022406339601622877,-0.6150039127044332,-0.21174083128084095,-0.656555950876942,-0.6449763346392058,-0.5048555280876328,-0.8252721710960644,-0.35834806473892156
0.6212619269670315,0.8650063934308995,0.6479905640186667,0.3854222431981744,0.3277004198340806,-0.18576962141826214,-0.4172444440096121,-0.20826387482755046
0.6069581877099504,0.8949055915346436,0.5231908453461576,0.8789908614442822,0.8001434148639626,0.7298681977199319,0.9088456690213581,0.4921290114255147
-0.6803783454273584,-1.2578366719349312,-0.6970730705628211,-0.5742945145025906,-0.478231748158071,0.17493618612102643,0.18022472779555032,0.2795097423844056
-0.9092381735406578,-1.0335926861568505,0.12105841851251686,-1.7945058207221347,-0.4087548371242648,-1.684086052735307,-1.4810310181992914,0.016862410039506184
